Record Length,2.500000e+03,,  -0.050000000000,   0.00000,
Sample Interval,4.000000e-05,,  -0.049960000000,   0.00000,
Trigger Point,1.250000000000e+03,,  -0.049920000000,   0.00000,
,,,  -0.049880000000,   0.00000,
,,,  -0.049840000000,   0.00000,
,,,  -0.049800000000,   0.00000,
Source,CH3,,  -0.049760000000,   0.00000,
Vertical Units,V,,  -0.049720000000,   0.00000,
Vertical Scale,1.000000e+02,,  -0.049680000000,   0.00000,
Vertical Offset,-1.600000e+01,,  -0.049640000000,   0.00000,
Horizontal Units,s,,  -0.049600000000,   0.00000,
Horizontal Scale,1.000000e-02,,  -0.049560000000,   0.00000,
Pt Fmt,Y,,  -0.049520000000,   0.00000,
Yzero,0.000000e+00,,  -0.049480000000,   0.00000,
Probe Atten,2.000000e+01,,  -0.049440000000,   0.00000,
Firmware Version,FV:v10.21,,  -0.049400000000,   0.00000,
,,,-00.049360000000,   0.00000,
,,,-00.049320000000,   0.00000,
,,,-00.049280000000,   0.00000,
,,,-00.049240000000,   0.00000,
,,,-00.049200000000,   0.00000,
,,,-00.049160000000,   0.00000,
,,,-00.049120000000,   0.00000,
,,,-00.049080000000,   0.00000,
,,,-00.049040000000,   0.00000,
,,,-00.049000000000,   0.00000,
,,,-00.048960000000,   0.00000,
,,,-00.048920000000,   0.00000,
,,,-00.048880000000,   0.00000,
,,,-00.048840000000,   0.00000,
,,,-00.048800000000,   0.00000,
,,,-00.048760000000,   0.00000,
,,,-00.048720000000,   0.00000,
,,,-00.048680000000,   0.00000,
,,,-00.048640000000,   0.00000,
,,,-00.048600000000,   0.00000,
,,,-00.048560000000,   0.00000,
,,,-00.048520000000,   0.00000,
,,,-00.048480000000,   0.00000,
,,,-00.048440000000,   0.00000,
,,,-00.048400000000,   0.00000,
,,,-00.048360000000,   0.00000,
,,,-00.048320000000,   0.00000,
,,,-00.048280000000,   0.00000,
,,,-00.048240000000,   0.00000,
,,,-00.048200000000,   0.00000,
,,,-00.048160000000,   0.00000,
,,,-00.048120000000,   0.00000,
,,,-00.048080000000,   0.00000,
,,,-00.048040000000,   0.00000,
,,,-00.048000000000,   0.00000,
,,,-00.047960000000,   0.00000,
,,,-00.047920000000,   0.00000,
,,,-00.047880000000,   0.00000,
,,,-00.047840000000,   0.00000,
,,,-00.047800000000,   0.00000,
,,,-00.047760000000,   0.00000,
,,,-00.047720000000,   0.00000,
,,,-00.047680000000,   0.00000,
,,,-00.047640000000,   0.00000,
,,,-00.047600000000,   0.00000,
,,,-00.047560000000,   0.00000,
,,,-00.047520000000,   0.00000,
,,,-00.047480000000,   0.00000,
,,,-00.047440000000,   0.00000,
,,,-00.047400000000,   0.00000,
,,,-00.047360000000,   0.00000,
,,,-00.047320000000,   0.00000,
,,,-00.047280000000,   0.00000,
,,,-00.047240000000,   0.00000,
,,,-00.047200000000,   0.00000,
,,,-00.047160000000,   0.00000,
,,,-00.047120000000,   0.00000,
,,,-00.047080000000,   0.00000,
,,,-00.047040000000,   0.00000,
,,,-00.047000000000,   0.00000,
,,,-00.046960000000,   4.00000,
,,,-00.046920000000,   0.00000,
,,,-00.046880000000,   0.00000,
,,,-00.046840000000,   0.00000,
,,,-00.046800000000,   0.00000,
,,,-00.046760000000,   0.00000,
,,,-00.046720000000,   0.00000,
,,,-00.046680000000,   0.00000,
,,,-00.046640000000,   0.00000,
,,,-00.046600000000,   0.00000,
,,,-00.046560000000,   0.00000,
,,,-00.046520000000,   0.00000,
,,,-00.046480000000,   0.00000,
,,,-00.046440000000,   0.00000,
,,,-00.046400000000,   0.00000,
,,,-00.046360000000,   0.00000,
,,,-00.046320000000,   0.00000,
,,,-00.046280000000,   0.00000,
,,,-00.046240000000,   0.00000,
,,,-00.046200000000,   0.00000,
,,,-00.046160000000,   0.00000,
,,,-00.046120000000,   0.00000,
,,,-00.046080000000,   0.00000,
,,,-00.046040000000,   0.00000,
,,,-00.046000000000,   0.00000,
,,,-00.045960000000,   0.00000,
,,,-00.045920000000,   0.00000,
,,,-00.045880000000,   0.00000,
,,,-00.045840000000,   0.00000,
,,,-00.045800000000,   0.00000,
,,,-00.045760000000,   0.00000,
,,,-00.045720000000,   0.00000,
,,,-00.045680000000,   0.00000,
,,,-00.045640000000,   0.00000,
,,,-00.045600000000,   0.00000,
,,,-00.045560000000,   0.00000,
,,,-00.045520000000,   0.00000,
,,,-00.045480000000,   0.00000,
,,,-00.045440000000,   0.00000,
,,,-00.045400000000,   0.00000,
,,,-00.045360000000,   0.00000,
,,,-00.045320000000,   0.00000,
,,,-00.045280000000,   0.00000,
,,,-00.045240000000,   0.00000,
,,,-00.045200000000,   0.00000,
,,,-00.045160000000,   0.00000,
,,,-00.045120000000,   0.00000,
,,,-00.045080000000,   0.00000,
,,,-00.045040000000,   0.00000,
,,,-00.045000000000,   0.00000,
,,,-00.044960000000,   0.00000,
,,,-00.044920000000,   0.00000,
,,,-00.044880000000,   0.00000,
,,,-00.044840000000,   0.00000,
,,,-00.044800000000,   0.00000,
,,,-00.044760000000,   0.00000,
,,,-00.044720000000,   0.00000,
,,,-00.044680000000,   4.00000,
,,,-00.044640000000,   0.00000,
,,,-00.044600000000,   0.00000,
,,,-00.044560000000,   0.00000,
,,,-00.044520000000,   0.00000,
,,,-00.044480000000,   0.00000,
,,,-00.044440000000,   4.00000,
,,,-00.044400000000,   0.00000,
,,,-00.044360000000,   0.00000,
,,,-00.044320000000,   0.00000,
,,,-00.044280000000,   0.00000,
,,,-00.044240000000,   0.00000,
,,,-00.044200000000,   0.00000,
,,,-00.044160000000, 288.00000,
,,,-00.044120000000, 288.00000,
,,,-00.044080000000, 288.00000,
,,,-00.044040000000, 284.00000,
,,,-00.044000000000, 284.00000,
,,,-00.043960000000, 280.00000,
,,,-00.043920000000, 280.00000,
,,,-00.043880000000, 280.00000,
,,,-00.043840000000, 276.00000,
,,,-00.043800000000, 272.00000,
,,,-00.043760000000, 272.00000,
,,,-00.043720000000, 268.00000,
,,,-00.043680000000, 268.00000,
,,,-00.043640000000, 264.00000,
,,,-00.043600000000, 260.00000,
,,,-00.043560000000, 260.00000,
,,,-00.043520000000, 256.00000,
,,,-00.043480000000, 256.00000,
,,,-00.043440000000, 252.00000,
,,,-00.043400000000, 248.00000,
,,,-00.043360000000, 248.00000,
,,,-00.043320000000, 244.00000,
,,,-00.043280000000, 244.00000,
,,,-00.043240000000, 240.00000,
,,,-00.043200000000, 240.00000,
,,,-00.043160000000, 236.00000,
,,,-00.043120000000, 236.00000,
,,,-00.043080000000, 232.00000,
,,,-00.043040000000, 228.00000,
,,,-00.043000000000, 228.00000,
,,,-00.042960000000, 224.00000,
,,,-00.042920000000, 220.00000,
,,,-00.042880000000, 220.00000,
,,,-00.042840000000, 216.00000,
,,,-00.042800000000, 216.00000,
,,,-00.042760000000, 212.00000,
,,,-00.042720000000, 208.00000,
,,,-00.042680000000, 208.00000,
,,,-00.042640000000, 200.00000,
,,,-00.042600000000, 200.00000,
,,,-00.042560000000, 200.00000,
,,,-00.042520000000, 192.00000,
,,,-00.042480000000, 192.00000,
,,,-00.042440000000, 188.00000,
,,,-00.042400000000, 184.00000,
,,,-00.042360000000, 180.00000,
,,,-00.042320000000, 176.00000,
,,,-00.042280000000, 172.00000,
,,,-00.042240000000, 168.00000,
,,,-00.042200000000, 168.00000,
,,,-00.042160000000, 160.00000,
,,,-00.042120000000, 156.00000,
,,,-00.042080000000, 152.00000,
,,,-00.042040000000, 148.00000,
,,,-00.042000000000, 148.00000,
,,,-00.041960000000, 144.00000,
,,,-00.041920000000, 140.00000,
,,,-00.041880000000, 136.00000,
,,,-00.041840000000, 132.00000,
,,,-00.041800000000, 124.00000,
,,,-00.041760000000, 124.00000,
,,,-00.041720000000, 116.00000,
,,,-00.041680000000, 112.00000,
,,,-00.041640000000, 104.00000,
,,,-00.041600000000, 104.00000,
,,,-00.041560000000,  96.00000,
,,,-00.041520000000,  92.00000,
,,,-00.041480000000,  92.00000,
,,,-00.041440000000,  88.00000,
,,,-00.041400000000,  80.00000,
,,,-00.041360000000,  80.00000,
,,,-00.041320000000,  80.00000,
,,,-00.041280000000,  72.00000,
,,,-00.041240000000,  72.00000,
,,,-00.041200000000,  68.00000,
,,,-00.041160000000,  60.00000,
,,,-00.041120000000,  64.00000,
,,,-00.041080000000,  60.00000,
,,,-00.041040000000,  52.00000,
,,,-00.041000000000,  52.00000,
,,,-00.040960000000,  48.00000,
,,,-00.040920000000,  44.00000,
,,,-00.040880000000,  44.00000,
,,,-00.040840000000,  44.00000,
,,,-00.040800000000,  40.00000,
,,,-00.040760000000,  32.00000,
,,,-00.040720000000,  32.00000,
,,,-00.040680000000,  28.00000,
,,,-00.040640000000,  24.00000,
,,,-00.040600000000,  20.00000,
,,,-00.040560000000,  12.00000,
,,,-00.040520000000,  12.00000,
,,,-00.040480000000,   8.00000,
,,,-00.040440000000,   4.00000,
,,,-00.040400000000,   0.00000,
,,,-00.040360000000,   0.00000,
,,,-00.040320000000,   0.00000,
,,,-00.040280000000,   0.00000,
,,,-00.040240000000,   0.00000,
,,,-00.040200000000,   0.00000,
,,,-00.040160000000,   0.00000,
,,,-00.040120000000,   0.00000,
,,,-00.040080000000,   0.00000,
,,,-00.040040000000,   0.00000,
,,,-00.040000000000,   0.00000,
,,,-00.039960000000,   0.00000,
,,,-00.039920000000,   0.00000,
,,,-00.039880000000,   0.00000,
,,,-00.039840000000,   0.00000,
,,,-00.039800000000,   0.00000,
,,,-00.039760000000,   0.00000,
,,,-00.039720000000,   0.00000,
,,,-00.039680000000,   0.00000,
,,,-00.039640000000,   0.00000,
,,,-00.039600000000,   0.00000,
,,,-00.039560000000,   0.00000,
,,,-00.039520000000,   0.00000,
,,,-00.039480000000,   0.00000,
,,,-00.039440000000,   0.00000,
,,,-00.039400000000,   0.00000,
,,,-00.039360000000,   0.00000,
,,,-00.039320000000,   0.00000,
,,,-00.039280000000,   0.00000,
,,,-00.039240000000,   0.00000,
,,,-00.039200000000,   0.00000,
,,,-00.039160000000,   0.00000,
,,,-00.039120000000,   0.00000,
,,,-00.039080000000,   0.00000,
,,,-00.039040000000,   0.00000,
,,,-00.039000000000,   0.00000,
,,,-00.038960000000,   0.00000,
,,,-00.038920000000,   0.00000,
,,,-00.038880000000,   0.00000,
,,,-00.038840000000,   0.00000,
,,,-00.038800000000,   0.00000,
,,,-00.038760000000,   0.00000,
,,,-00.038720000000,   0.00000,
,,,-00.038680000000,   0.00000,
,,,-00.038640000000,   0.00000,
,,,-00.038600000000,   0.00000,
,,,-00.038560000000,   0.00000,
,,,-00.038520000000,   0.00000,
,,,-00.038480000000,   0.00000,
,,,-00.038440000000,   0.00000,
,,,-00.038400000000,   0.00000,
,,,-00.038360000000,   0.00000,
,,,-00.038320000000,   0.00000,
,,,-00.038280000000,   0.00000,
,,,-00.038240000000,   0.00000,
,,,-00.038200000000,   0.00000,
,,,-00.038160000000,   0.00000,
,,,-00.038120000000,   0.00000,
,,,-00.038080000000,   0.00000,
,,,-00.038040000000,   0.00000,
,,,-00.038000000000,   0.00000,
,,,-00.037960000000,   0.00000,
,,,-00.037920000000,   0.00000,
,,,-00.037880000000,   0.00000,
,,,-00.037840000000,   0.00000,
,,,-00.037800000000,   0.00000,
,,,-00.037760000000,   0.00000,
,,,-00.037720000000,   0.00000,
,,,-00.037680000000,   0.00000,
,,,-00.037640000000,   0.00000,
,,,-00.037600000000,   0.00000,
,,,-00.037560000000,   0.00000,
,,,-00.037520000000,   0.00000,
,,,-00.037480000000,   0.00000,
,,,-00.037440000000,   0.00000,
,,,-00.037400000000,   0.00000,
,,,-00.037360000000,   0.00000,
,,,-00.037320000000,   0.00000,
,,,-00.037280000000,   0.00000,
,,,-00.037240000000,   0.00000,
,,,-00.037200000000,   0.00000,
,,,-00.037160000000,   0.00000,
,,,-00.037120000000,   0.00000,
,,,-00.037080000000,   0.00000,
,,,-00.037040000000,   0.00000,
,,,-00.037000000000,   0.00000,
,,,-00.036960000000,   0.00000,
,,,-00.036920000000,   0.00000,
,,,-00.036880000000,   0.00000,
,,,-00.036840000000,   0.00000,
,,,-00.036800000000,   0.00000,
,,,-00.036760000000,   0.00000,
,,,-00.036720000000,   0.00000,
,,,-00.036680000000,   0.00000,
,,,-00.036640000000,   0.00000,
,,,-00.036600000000,   0.00000,
,,,-00.036560000000,   0.00000,
,,,-00.036520000000,   0.00000,
,,,-00.036480000000,   0.00000,
,,,-00.036440000000,   0.00000,
,,,-00.036400000000,   0.00000,
,,,-00.036360000000,   0.00000,
,,,-00.036320000000,   0.00000,
,,,-00.036280000000,   0.00000,
,,,-00.036240000000,   0.00000,
,,,-00.036200000000,   0.00000,
,,,-00.036160000000,   0.00000,
,,,-00.036120000000,   0.00000,
,,,-00.036080000000,   0.00000,
,,,-00.036040000000,   0.00000,
,,,-00.036000000000,   0.00000,
,,,-00.035960000000,   0.00000,
,,,-00.035920000000,   0.00000,
,,,-00.035880000000,   0.00000,
,,,-00.035840000000,   0.00000,
,,,-00.035800000000,   0.00000,
,,,-00.035760000000,   4.00000,
,,,-00.035720000000,   0.00000,
,,,-00.035680000000,   0.00000,
,,,-00.035640000000,   0.00000,
,,,-00.035600000000,   0.00000,
,,,-00.035560000000,   0.00000,
,,,-00.035520000000,   0.00000,
,,,-00.035480000000,   0.00000,
,,,-00.035440000000,   0.00000,
,,,-00.035400000000,   0.00000,
,,,-00.035360000000,   0.00000,
,,,-00.035320000000,   0.00000,
,,,-00.035280000000,   0.00000,
,,,-00.035240000000,   0.00000,
,,,-00.035200000000,   0.00000,
,,,-00.035160000000,   0.00000,
,,,-00.035120000000,   0.00000,
,,,-00.035080000000,   0.00000,
,,,-00.035040000000,   0.00000,
,,,-00.035000000000,   0.00000,
,,,-00.034960000000,   0.00000,
,,,-00.034920000000,   0.00000,
,,,-00.034880000000,   0.00000,
,,,-00.034840000000,   0.00000,
,,,-00.034800000000,   0.00000,
,,,-00.034760000000,   0.00000,
,,,-00.034720000000,   4.00000,
,,,-00.034680000000,   0.00000,
,,,-00.034640000000,   0.00000,
,,,-00.034600000000,   0.00000,
,,,-00.034560000000,   0.00000,
,,,-00.034520000000,   0.00000,
,,,-00.034480000000,   0.00000,
,,,-00.034440000000,   0.00000,
,,,-00.034400000000,   0.00000,
,,,-00.034360000000, 296.00000,
,,,-00.034320000000, 296.00000,
,,,-00.034280000000, 296.00000,
,,,-00.034240000000, 296.00000,
,,,-00.034200000000, 292.00000,
,,,-00.034160000000, 292.00000,
,,,-00.034120000000, 288.00000,
,,,-00.034080000000, 288.00000,
,,,-00.034040000000, 288.00000,
,,,-00.034000000000, 284.00000,
,,,-00.033960000000, 284.00000,
,,,-00.033920000000, 284.00000,
,,,-00.033880000000, 280.00000,
,,,-00.033840000000, 276.00000,
,,,-00.033800000000, 276.00000,
,,,-00.033760000000, 276.00000,
,,,-00.033720000000, 268.00000,
,,,-00.033680000000, 268.00000,
,,,-00.033640000000, 264.00000,
,,,-00.033600000000, 260.00000,
,,,-00.033560000000, 260.00000,
,,,-00.033520000000, 260.00000,
,,,-00.033480000000, 256.00000,
,,,-00.033440000000, 252.00000,
,,,-00.033400000000, 252.00000,
,,,-00.033360000000, 248.00000,
,,,-00.033320000000, 248.00000,
,,,-00.033280000000, 248.00000,
,,,-00.033240000000, 244.00000,
,,,-00.033200000000, 240.00000,
,,,-00.033160000000, 236.00000,
,,,-00.033120000000, 232.00000,
,,,-00.033080000000, 232.00000,
,,,-00.033040000000, 228.00000,
,,,-00.033000000000, 224.00000,
,,,-00.032960000000, 224.00000,
,,,-00.032920000000, 220.00000,
,,,-00.032880000000, 220.00000,
,,,-00.032840000000, 212.00000,
,,,-00.032800000000, 208.00000,
,,,-00.032760000000, 208.00000,
,,,-00.032720000000, 204.00000,
,,,-00.032680000000, 204.00000,
,,,-00.032640000000, 200.00000,
,,,-00.032600000000, 196.00000,
,,,-00.032560000000, 196.00000,
,,,-00.032520000000, 192.00000,
,,,-00.032480000000, 188.00000,
,,,-00.032440000000, 188.00000,
,,,-00.032400000000, 184.00000,
,,,-00.032360000000, 180.00000,
,,,-00.032320000000, 172.00000,
,,,-00.032280000000, 172.00000,
,,,-00.032240000000, 168.00000,
,,,-00.032200000000, 164.00000,
,,,-00.032160000000, 164.00000,
,,,-00.032120000000, 156.00000,
,,,-00.032080000000, 152.00000,
,,,-00.032040000000, 152.00000,
,,,-00.032000000000, 148.00000,
,,,-00.031960000000, 140.00000,
,,,-00.031920000000, 140.00000,
,,,-00.031880000000, 136.00000,
,,,-00.031840000000, 128.00000,
,,,-00.031800000000, 128.00000,
,,,-00.031760000000, 120.00000,
,,,-00.031720000000, 120.00000,
,,,-00.031680000000, 116.00000,
,,,-00.031640000000, 112.00000,
,,,-00.031600000000, 104.00000,
,,,-00.031560000000, 104.00000,
,,,-00.031520000000, 100.00000,
,,,-00.031480000000,  92.00000,
,,,-00.031440000000,  92.00000,
,,,-00.031400000000,  88.00000,
,,,-00.031360000000,  84.00000,
,,,-00.031320000000,  80.00000,
,,,-00.031280000000,  80.00000,
,,,-00.031240000000,  76.00000,
,,,-00.031200000000,  68.00000,
,,,-00.031160000000,  64.00000,
,,,-00.031120000000,  60.00000,
,,,-00.031080000000,  60.00000,
,,,-00.031040000000,  56.00000,
,,,-00.031000000000,  48.00000,
,,,-00.030960000000,  48.00000,
,,,-00.030920000000,  44.00000,
,,,-00.030880000000,  40.00000,
,,,-00.030840000000,  36.00000,
,,,-00.030800000000,  36.00000,
,,,-00.030760000000,  32.00000,
,,,-00.030720000000,  24.00000,
,,,-00.030680000000,  28.00000,
,,,-00.030640000000,  20.00000,
,,,-00.030600000000,  16.00000,
,,,-00.030560000000,  12.00000,
,,,-00.030520000000,   8.00000,
,,,-00.030480000000,   4.00000,
,,,-00.030440000000,   0.00000,
,,,-00.030400000000,   0.00000,
,,,-00.030360000000,   0.00000,
,,,-00.030320000000,   0.00000,
,,,-00.030280000000,   0.00000,
,,,-00.030240000000,   0.00000,
,,,-00.030200000000,   0.00000,
,,,-00.030160000000,   0.00000,
,,,-00.030120000000,   0.00000,
,,,-00.030080000000,   0.00000,
,,,-00.030040000000,   0.00000,
,,,-00.030000000000,   0.00000,
,,,-00.029960000000,   0.00000,
,,,-00.029920000000,   0.00000,
,,,-00.029880000000,   0.00000,
,,,-00.029840000000,   0.00000,
,,,-00.029800000000,   0.00000,
,,,-00.029760000000,   0.00000,
,,,-00.029720000000,   0.00000,
,,,-00.029680000000,   0.00000,
,,,-00.029640000000,   0.00000,
,,,-00.029600000000,   0.00000,
,,,-00.029560000000,   0.00000,
,,,-00.029520000000,   0.00000,
,,,-00.029480000000,   0.00000,
,,,-00.029440000000,   0.00000,
,,,-00.029400000000,   0.00000,
,,,-00.029360000000,   0.00000,
,,,-00.029320000000,   0.00000,
,,,-00.029280000000,   0.00000,
,,,-00.029240000000,   0.00000,
,,,-00.029200000000,   0.00000,
,,,-00.029160000000,   0.00000,
,,,-00.029120000000,   0.00000,
,,,-00.029080000000,   0.00000,
,,,-00.029040000000,   0.00000,
,,,-00.029000000000,   0.00000,
,,,-00.028960000000,   0.00000,
,,,-00.028920000000,   0.00000,
,,,-00.028880000000,   0.00000,
,,,-00.028840000000,   0.00000,
,,,-00.028800000000,   0.00000,
,,,-00.028760000000,   0.00000,
,,,-00.028720000000,   0.00000,
,,,-00.028680000000,   0.00000,
,,,-00.028640000000,   0.00000,
,,,-00.028600000000,   0.00000,
,,,-00.028560000000,   0.00000,
,,,-00.028520000000,   0.00000,
,,,-00.028480000000,   0.00000,
,,,-00.028440000000,   0.00000,
,,,-00.028400000000,   0.00000,
,,,-00.028360000000,   0.00000,
,,,-00.028320000000,   0.00000,
,,,-00.028280000000,   0.00000,
,,,-00.028240000000,   0.00000,
,,,-00.028200000000,   0.00000,
,,,-00.028160000000,   0.00000,
,,,-00.028120000000,   0.00000,
,,,-00.028080000000,   0.00000,
,,,-00.028040000000,   0.00000,
,,,-00.028000000000,   0.00000,
,,,-00.027960000000,   0.00000,
,,,-00.027920000000,   0.00000,
,,,-00.027880000000,   0.00000,
,,,-00.027840000000,   0.00000,
,,,-00.027800000000,   0.00000,
,,,-00.027760000000,   0.00000,
,,,-00.027720000000,   0.00000,
,,,-00.027680000000,   0.00000,
,,,-00.027640000000,   0.00000,
,,,-00.027600000000,   0.00000,
,,,-00.027560000000,   0.00000,
,,,-00.027520000000,   0.00000,
,,,-00.027480000000,   0.00000,
,,,-00.027440000000,   0.00000,
,,,-00.027400000000,   0.00000,
,,,-00.027360000000,   0.00000,
,,,-00.027320000000,   0.00000,
,,,-00.027280000000,   0.00000,
,,,-00.027240000000,   0.00000,
,,,-00.027200000000,   0.00000,
,,,-00.027160000000,   0.00000,
,,,-00.027120000000,   0.00000,
,,,-00.027080000000,   0.00000,
,,,-00.027040000000,   0.00000,
,,,-00.027000000000,   0.00000,
,,,-00.026960000000,   0.00000,
,,,-00.026920000000,   0.00000,
,,,-00.026880000000,   0.00000,
,,,-00.026840000000,   0.00000,
,,,-00.026800000000,   0.00000,
,,,-00.026760000000,   0.00000,
,,,-00.026720000000,   0.00000,
,,,-00.026680000000,   0.00000,
,,,-00.026640000000,   0.00000,
,,,-00.026600000000,   0.00000,
,,,-00.026560000000,   0.00000,
,,,-00.026520000000,   0.00000,
,,,-00.026480000000,   0.00000,
,,,-00.026440000000,   0.00000,
,,,-00.026400000000,   0.00000,
,,,-00.026360000000,   0.00000,
,,,-00.026320000000,   0.00000,
,,,-00.026280000000,   0.00000,
,,,-00.026240000000,   0.00000,
,,,-00.026200000000,   0.00000,
,,,-00.026160000000,   0.00000,
,,,-00.026120000000,   0.00000,
,,,-00.026080000000,   0.00000,
,,,-00.026040000000,   0.00000,
,,,-00.026000000000,   0.00000,
,,,-00.025960000000,   0.00000,
,,,-00.025920000000,   0.00000,
,,,-00.025880000000,   0.00000,
,,,-00.025840000000,   0.00000,
,,,-00.025800000000,   0.00000,
,,,-00.025760000000,   0.00000,
,,,-00.025720000000,   0.00000,
,,,-00.025680000000,   0.00000,
,,,-00.025640000000,   0.00000,
,,,-00.025600000000,   0.00000,
,,,-00.025560000000,   0.00000,
,,,-00.025520000000,   0.00000,
,,,-00.025480000000,   0.00000,
,,,-00.025440000000,   0.00000,
,,,-00.025400000000,   0.00000,
,,,-00.025360000000,   0.00000,
,,,-00.025320000000,   0.00000,
,,,-00.025280000000,   0.00000,
,,,-00.025240000000,   0.00000,
,,,-00.025200000000,   0.00000,
,,,-00.025160000000,   0.00000,
,,,-00.025120000000,   4.00000,
,,,-00.025080000000,   0.00000,
,,,-00.025040000000,   0.00000,
,,,-00.025000000000,   0.00000,
,,,-00.024960000000,   0.00000,
,,,-00.024920000000,   0.00000,
,,,-00.024880000000,   0.00000,
,,,-00.024840000000,   0.00000,
,,,-00.024800000000,   0.00000,
,,,-00.024760000000,   4.00000,
,,,-00.024720000000,   0.00000,
,,,-00.024680000000,   0.00000,
,,,-00.024640000000,   0.00000,
,,,-00.024600000000,   0.00000,
,,,-00.024560000000,   0.00000,
,,,-00.024520000000,   0.00000,
,,,-00.024480000000,   0.00000,
,,,-00.024440000000,   0.00000,
,,,-00.024400000000,   0.00000,
,,,-00.024360000000,   4.00000,
,,,-00.024320000000,   0.00000,
,,,-00.024280000000,   0.00000,
,,,-00.024240000000,   0.00000,
,,,-00.024200000000,   0.00000,
,,,-00.024160000000, 288.00000,
,,,-00.024120000000, 288.00000,
,,,-00.024080000000, 284.00000,
,,,-00.024040000000, 280.00000,
,,,-00.024000000000, 280.00000,
,,,-00.023960000000, 280.00000,
,,,-00.023920000000, 276.00000,
,,,-00.023880000000, 276.00000,
,,,-00.023840000000, 272.00000,
,,,-00.023800000000, 272.00000,
,,,-00.023760000000, 272.00000,
,,,-00.023720000000, 268.00000,
,,,-00.023680000000, 264.00000,
,,,-00.023640000000, 264.00000,
,,,-00.023600000000, 260.00000,
,,,-00.023560000000, 260.00000,
,,,-00.023520000000, 256.00000,
,,,-00.023480000000, 252.00000,
,,,-00.023440000000, 248.00000,
,,,-00.023400000000, 248.00000,
,,,-00.023360000000, 248.00000,
,,,-00.023320000000, 244.00000,
,,,-00.023280000000, 240.00000,
,,,-00.023240000000, 240.00000,
,,,-00.023200000000, 236.00000,
,,,-00.023160000000, 232.00000,
,,,-00.023120000000, 232.00000,
,,,-00.023080000000, 228.00000,
,,,-00.023040000000, 224.00000,
,,,-00.023000000000, 224.00000,
,,,-00.022960000000, 224.00000,
,,,-00.022920000000, 220.00000,
,,,-00.022880000000, 220.00000,
,,,-00.022840000000, 216.00000,
,,,-00.022800000000, 208.00000,
,,,-00.022760000000, 212.00000,
,,,-00.022720000000, 208.00000,
,,,-00.022680000000, 204.00000,
,,,-00.022640000000, 200.00000,
,,,-00.022600000000, 200.00000,
,,,-00.022560000000, 196.00000,
,,,-00.022520000000, 196.00000,
,,,-00.022480000000, 192.00000,
,,,-00.022440000000, 192.00000,
,,,-00.022400000000, 180.00000,
,,,-00.022360000000, 180.00000,
,,,-00.022320000000, 176.00000,
,,,-00.022280000000, 172.00000,
,,,-00.022240000000, 168.00000,
,,,-00.022200000000, 168.00000,
,,,-00.022160000000, 160.00000,
,,,-00.022120000000, 156.00000,
,,,-00.022080000000, 152.00000,
,,,-00.022040000000, 148.00000,
,,,-00.022000000000, 148.00000,
,,,-00.021960000000, 144.00000,
,,,-00.021920000000, 136.00000,
,,,-00.021880000000, 136.00000,
,,,-00.021840000000, 132.00000,
,,,-00.021800000000, 120.00000,
,,,-00.021760000000, 120.00000,
,,,-00.021720000000, 116.00000,
,,,-00.021680000000, 112.00000,
,,,-00.021640000000, 108.00000,
,,,-00.021600000000, 104.00000,
,,,-00.021560000000,  96.00000,
,,,-00.021520000000,  92.00000,
,,,-00.021480000000,  92.00000,
,,,-00.021440000000,  88.00000,
,,,-00.021400000000,  84.00000,
,,,-00.021360000000,  80.00000,
,,,-00.021320000000,  80.00000,
,,,-00.021280000000,  72.00000,
,,,-00.021240000000,  76.00000,
,,,-00.021200000000,  72.00000,
,,,-00.021160000000,  64.00000,
,,,-00.021120000000,  64.00000,
,,,-00.021080000000,  60.00000,
,,,-00.021040000000,  56.00000,
,,,-00.021000000000,  56.00000,
,,,-00.020960000000,  52.00000,
,,,-00.020920000000,  48.00000,
,,,-00.020880000000,  48.00000,
,,,-00.020840000000,  40.00000,
,,,-00.020800000000,  40.00000,
,,,-00.020760000000,  36.00000,
,,,-00.020720000000,  32.00000,
,,,-00.020680000000,  24.00000,
,,,-00.020640000000,  20.00000,
,,,-00.020600000000,  16.00000,
,,,-00.020560000000,   8.00000,
,,,-00.020520000000,   8.00000,
,,,-00.020480000000,   4.00000,
,,,-00.020440000000,   0.00000,
,,,-00.020400000000,  -4.00000,
,,,-00.020360000000,   0.00000,
,,,-00.020320000000,   0.00000,
,,,-00.020280000000,   0.00000,
,,,-00.020240000000,   0.00000,
,,,-00.020200000000,   0.00000,
,,,-00.020160000000,   0.00000,
,,,-00.020120000000,   0.00000,
,,,-00.020080000000,   0.00000,
,,,-00.020040000000,   0.00000,
,,,-00.020000000000,   0.00000,
,,,-00.019960000000,   0.00000,
,,,-00.019920000000,   0.00000,
,,,-00.019880000000,   0.00000,
,,,-00.019840000000,   0.00000,
,,,-00.019800000000,   0.00000,
,,,-00.019760000000,   0.00000,
,,,-00.019720000000,   0.00000,
,,,-00.019680000000,   0.00000,
,,,-00.019640000000,   0.00000,
,,,-00.019600000000,   0.00000,
,,,-00.019560000000,   0.00000,
,,,-00.019520000000,   0.00000,
,,,-00.019480000000,   0.00000,
,,,-00.019440000000,   0.00000,
,,,-00.019400000000,   0.00000,
,,,-00.019360000000,   0.00000,
,,,-00.019320000000,   0.00000,
,,,-00.019280000000,   0.00000,
,,,-00.019240000000,   0.00000,
,,,-00.019200000000,   0.00000,
,,,-00.019160000000,   0.00000,
,,,-00.019120000000,   0.00000,
,,,-00.019080000000,   0.00000,
,,,-00.019040000000,   0.00000,
,,,-00.019000000000,   0.00000,
,,,-00.018960000000,   0.00000,
,,,-00.018920000000,   0.00000,
,,,-00.018880000000,   0.00000,
,,,-00.018840000000,   0.00000,
,,,-00.018800000000,   0.00000,
,,,-00.018760000000,   0.00000,
,,,-00.018720000000,   0.00000,
,,,-00.018680000000,   0.00000,
,,,-00.018640000000,  -4.00000,
,,,-00.018600000000,   0.00000,
,,,-00.018560000000,   0.00000,
,,,-00.018520000000,   0.00000,
,,,-00.018480000000,   0.00000,
,,,-00.018440000000,   0.00000,
,,,-00.018400000000,   0.00000,
,,,-00.018360000000,   0.00000,
,,,-00.018320000000,   0.00000,
,,,-00.018280000000,   0.00000,
,,,-00.018240000000,   0.00000,
,,,-00.018200000000,   0.00000,
,,,-00.018160000000,   0.00000,
,,,-00.018120000000,   0.00000,
,,,-00.018080000000,   0.00000,
,,,-00.018040000000,   0.00000,
,,,-00.018000000000,   0.00000,
,,,-00.017960000000,   0.00000,
,,,-00.017920000000,   0.00000,
,,,-00.017880000000,   0.00000,
,,,-00.017840000000,   0.00000,
,,,-00.017800000000,   0.00000,
,,,-00.017760000000,   0.00000,
,,,-00.017720000000,   0.00000,
,,,-00.017680000000,   0.00000,
,,,-00.017640000000,   0.00000,
,,,-00.017600000000,   0.00000,
,,,-00.017560000000,   0.00000,
,,,-00.017520000000,   0.00000,
,,,-00.017480000000,   0.00000,
,,,-00.017440000000,   0.00000,
,,,-00.017400000000,   0.00000,
,,,-00.017360000000,   0.00000,
,,,-00.017320000000,   0.00000,
,,,-00.017280000000,   0.00000,
,,,-00.017240000000,   0.00000,
,,,-00.017200000000,   0.00000,
,,,-00.017160000000,   0.00000,
,,,-00.017120000000,   4.00000,
,,,-00.017080000000,   0.00000,
,,,-00.017040000000,   0.00000,
,,,-00.017000000000,   0.00000,
,,,-00.016960000000,   0.00000,
,,,-00.016920000000,   0.00000,
,,,-00.016880000000,   0.00000,
,,,-00.016840000000,   0.00000,
,,,-00.016800000000,   0.00000,
,,,-00.016760000000,   4.00000,
,,,-00.016720000000,   0.00000,
,,,-00.016680000000,   0.00000,
,,,-00.016640000000,   0.00000,
,,,-00.016600000000,   0.00000,
,,,-00.016560000000,   0.00000,
,,,-00.016520000000,   0.00000,
,,,-00.016480000000,   0.00000,
,,,-00.016440000000,   4.00000,
,,,-00.016400000000,   0.00000,
,,,-00.016360000000,   0.00000,
,,,-00.016320000000,   0.00000,
,,,-00.016280000000,   0.00000,
,,,-00.016240000000,   0.00000,
,,,-00.016200000000,   0.00000,
,,,-00.016160000000,   0.00000,
,,,-00.016120000000,   0.00000,
,,,-00.016080000000,   0.00000,
,,,-00.016040000000,   0.00000,
,,,-00.016000000000,   0.00000,
,,,-00.015960000000,   0.00000,
,,,-00.015920000000,   0.00000,
,,,-00.015880000000,   0.00000,
,,,-00.015840000000,   0.00000,
,,,-00.015800000000,   0.00000,
,,,-00.015760000000,   0.00000,
,,,-00.015720000000,   0.00000,
,,,-00.015680000000,   0.00000,
,,,-00.015640000000,   0.00000,
,,,-00.015600000000,   0.00000,
,,,-00.015560000000,   0.00000,
,,,-00.015520000000,   0.00000,
,,,-00.015480000000,   0.00000,
,,,-00.015440000000,   0.00000,
,,,-00.015400000000,   0.00000,
,,,-00.015360000000,   0.00000,
,,,-00.015320000000,   0.00000,
,,,-00.015280000000,   0.00000,
,,,-00.015240000000,   0.00000,
,,,-00.015200000000,   0.00000,
,,,-00.015160000000,   0.00000,
,,,-00.015120000000,   0.00000,
,,,-00.015080000000,   0.00000,
,,,-00.015040000000,   0.00000,
,,,-00.015000000000,   0.00000,
,,,-00.014960000000,   0.00000,
,,,-00.014920000000,   0.00000,
,,,-00.014880000000,   0.00000,
,,,-00.014840000000,   0.00000,
,,,-00.014800000000,   0.00000,
,,,-00.014760000000,   0.00000,
,,,-00.014720000000,   0.00000,
,,,-00.014680000000,   0.00000,
,,,-00.014640000000,   0.00000,
,,,-00.014600000000,   0.00000,
,,,-00.014560000000,   0.00000,
,,,-00.014520000000,   0.00000,
,,,-00.014480000000,   0.00000,
,,,-00.014440000000,   0.00000,
,,,-00.014400000000,   0.00000,
,,,-00.014360000000, 296.00000,
,,,-00.014320000000, 296.00000,
,,,-00.014280000000, 296.00000,
,,,-00.014240000000, 292.00000,
,,,-00.014200000000, 288.00000,
,,,-00.014160000000, 292.00000,
,,,-00.014120000000, 288.00000,
,,,-00.014080000000, 284.00000,
,,,-00.014040000000, 284.00000,
,,,-00.014000000000, 284.00000,
,,,-00.013960000000, 280.00000,
,,,-00.013920000000, 280.00000,
,,,-00.013880000000, 276.00000,
,,,-00.013840000000, 272.00000,
,,,-00.013800000000, 272.00000,
,,,-00.013760000000, 272.00000,
,,,-00.013720000000, 264.00000,
,,,-00.013680000000, 260.00000,
,,,-00.013640000000, 260.00000,
,,,-00.013600000000, 256.00000,
,,,-00.013560000000, 256.00000,
,,,-00.013520000000, 252.00000,
,,,-00.013480000000, 248.00000,
,,,-00.013440000000, 248.00000,
,,,-00.013400000000, 248.00000,
,,,-00.013360000000, 244.00000,
,,,-00.013320000000, 244.00000,
,,,-00.013280000000, 244.00000,
,,,-00.013240000000, 240.00000,
,,,-00.013200000000, 236.00000,
,,,-00.013160000000, 236.00000,
,,,-00.013120000000, 232.00000,
,,,-00.013080000000, 228.00000,
,,,-00.013040000000, 228.00000,
,,,-00.013000000000, 224.00000,
,,,-00.012960000000, 220.00000,
,,,-00.012920000000, 220.00000,
,,,-00.012880000000, 216.00000,
,,,-00.012840000000, 212.00000,
,,,-00.012800000000, 212.00000,
,,,-00.012760000000, 208.00000,
,,,-00.012720000000, 204.00000,
,,,-00.012680000000, 204.00000,
,,,-00.012640000000, 200.00000,
,,,-00.012600000000, 196.00000,
,,,-00.012560000000, 192.00000,
,,,-00.012520000000, 192.00000,
,,,-00.012480000000, 188.00000,
,,,-00.012440000000, 188.00000,
,,,-00.012400000000, 180.00000,
,,,-00.012360000000, 176.00000,
,,,-00.012320000000, 172.00000,
,,,-00.012280000000, 172.00000,
,,,-00.012240000000, 168.00000,
,,,-00.012200000000, 164.00000,
,,,-00.012160000000, 160.00000,
,,,-00.012120000000, 156.00000,
,,,-00.012080000000, 148.00000,
,,,-00.012040000000, 148.00000,
,,,-00.012000000000, 140.00000,
,,,-00.011960000000, 136.00000,
,,,-00.011920000000, 136.00000,
,,,-00.011880000000, 132.00000,
,,,-00.011840000000, 124.00000,
,,,-00.011800000000, 124.00000,
,,,-00.011760000000, 120.00000,
,,,-00.011720000000, 112.00000,
,,,-00.011680000000, 112.00000,
,,,-00.011640000000, 108.00000,
,,,-00.011600000000, 104.00000,
,,,-00.011560000000, 104.00000,
,,,-00.011520000000, 100.00000,
,,,-00.011480000000,  96.00000,
,,,-00.011440000000,  92.00000,
,,,-00.011400000000,  88.00000,
,,,-00.011360000000,  84.00000,
,,,-00.011320000000,  80.00000,
,,,-00.011280000000,  80.00000,
,,,-00.011240000000,  76.00000,
,,,-00.011200000000,  68.00000,
,,,-00.011160000000,  68.00000,
,,,-00.011120000000,  60.00000,
,,,-00.011080000000,  56.00000,
,,,-00.011040000000,  56.00000,
,,,-00.011000000000,  48.00000,
,,,-00.010960000000,  48.00000,
,,,-00.010920000000,  44.00000,
,,,-00.010880000000,  40.00000,
,,,-00.010840000000,  36.00000,
,,,-00.010800000000,  36.00000,
,,,-00.010760000000,  32.00000,
,,,-00.010720000000,  28.00000,
,,,-00.010680000000,  24.00000,
,,,-00.010640000000,  20.00000,
,,,-00.010600000000,  16.00000,
,,,-00.010560000000,  12.00000,
,,,-00.010520000000,   8.00000,
,,,-00.010480000000,   0.00000,
,,,-00.010440000000,   0.00000,
,,,-00.010400000000,   0.00000,
,,,-00.010360000000,   0.00000,
,,,-00.010320000000,   0.00000,
,,,-00.010280000000,   0.00000,
,,,-00.010240000000,   0.00000,
,,,-00.010200000000,   0.00000,
,,,-00.010160000000,   0.00000,
,,,-00.010120000000,   0.00000,
,,,-00.010080000000,   0.00000,
,,,-00.010040000000,   0.00000,
,,,-00.010000000000,   0.00000,
,,,-00.009960000000,   0.00000,
,,,-00.009920000000,   0.00000,
,,,-00.009880000000,   0.00000,
,,,-00.009840000000,   0.00000,
,,,-00.009800000000,   0.00000,
,,,-00.009760000000,   0.00000,
,,,-00.009720000000,   0.00000,
,,,-00.009680000000,   0.00000,
,,,-00.009640000000,   0.00000,
,,,-00.009600000000,   0.00000,
,,,-00.009560000000,   0.00000,
,,,-00.009520000000,   0.00000,
,,,-00.009480000000,   0.00000,
,,,-00.009440000000,   0.00000,
,,,-00.009400000000,   0.00000,
,,,-00.009360000000,   0.00000,
,,,-00.009320000000,   0.00000,
,,,-00.009280000000,   0.00000,
,,,-00.009240000000,   0.00000,
,,,-00.009200000000,   0.00000,
,,,-00.009160000000,   0.00000,
,,,-00.009120000000,   0.00000,
,,,-00.009080000000,   0.00000,
,,,-00.009040000000,   0.00000,
,,,-00.009000000000,   0.00000,
,,,-00.008960000000,   0.00000,
,,,-00.008920000000,   0.00000,
,,,-00.008880000000,   0.00000,
,,,-00.008840000000,   0.00000,
,,,-00.008800000000,   0.00000,
,,,-00.008760000000,   0.00000,
,,,-00.008720000000,   0.00000,
,,,-00.008680000000,   0.00000,
,,,-00.008640000000,   0.00000,
,,,-00.008600000000,   0.00000,
,,,-00.008560000000,   4.00000,
,,,-00.008520000000,   0.00000,
,,,-00.008480000000,   0.00000,
,,,-00.008440000000,   0.00000,
,,,-00.008400000000,   0.00000,
,,,-00.008360000000,   0.00000,
,,,-00.008320000000,   0.00000,
,,,-00.008280000000,   0.00000,
,,,-00.008240000000,   0.00000,
,,,-00.008200000000,   0.00000,
,,,-00.008160000000,   0.00000,
,,,-00.008120000000,   0.00000,
,,,-00.008080000000,   0.00000,
,,,-00.008040000000,   0.00000,
,,,-00.008000000000,   0.00000,
,,,-00.007960000000,   0.00000,
,,,-00.007920000000,   0.00000,
,,,-00.007880000000,   0.00000,
,,,-00.007840000000,   0.00000,
,,,-00.007800000000,   0.00000,
,,,-00.007760000000,   0.00000,
,,,-00.007720000000,   0.00000,
,,,-00.007680000000,   0.00000,
,,,-00.007640000000,   0.00000,
,,,-00.007600000000,   0.00000,
,,,-00.007560000000,   0.00000,
,,,-00.007520000000,   0.00000,
,,,-00.007480000000,   0.00000,
,,,-00.007440000000,   0.00000,
,,,-00.007400000000,   0.00000,
,,,-00.007360000000,   0.00000,
,,,-00.007320000000,   4.00000,
,,,-00.007280000000,   0.00000,
,,,-00.007240000000,   0.00000,
,,,-00.007200000000,   4.00000,
,,,-00.007160000000,   0.00000,
,,,-00.007120000000,   0.00000,
,,,-00.007080000000,   0.00000,
,,,-00.007040000000,   0.00000,
,,,-00.007000000000,   0.00000,
,,,-00.006960000000,   0.00000,
,,,-00.006920000000,   0.00000,
,,,-00.006880000000,   0.00000,
,,,-00.006840000000,   0.00000,
,,,-00.006800000000,   0.00000,
,,,-00.006760000000,   0.00000,
,,,-00.006720000000,   0.00000,
,,,-00.006680000000,   0.00000,
,,,-00.006640000000,   0.00000,
,,,-00.006600000000,   0.00000,
,,,-00.006560000000,   0.00000,
,,,-00.006520000000,   0.00000,
,,,-00.006480000000,   0.00000,
,,,-00.006440000000,   0.00000,
,,,-00.006400000000,   0.00000,
,,,-00.006360000000,   0.00000,
,,,-00.006320000000,   0.00000,
,,,-00.006280000000,   0.00000,
,,,-00.006240000000,   0.00000,
,,,-00.006200000000,   0.00000,
,,,-00.006160000000,   0.00000,
,,,-00.006120000000,   4.00000,
,,,-00.006080000000,   0.00000,
,,,-00.006040000000,   0.00000,
,,,-00.006000000000,   0.00000,
,,,-00.005960000000,   0.00000,
,,,-00.005920000000,   0.00000,
,,,-00.005880000000,   0.00000,
,,,-00.005840000000,   0.00000,
,,,-00.005800000000,   0.00000,
,,,-00.005760000000,   0.00000,
,,,-00.005720000000,   0.00000,
,,,-00.005680000000,   0.00000,
,,,-00.005640000000,   0.00000,
,,,-00.005600000000,   0.00000,
,,,-00.005560000000,   0.00000,
,,,-00.005520000000,   0.00000,
,,,-00.005480000000,   0.00000,
,,,-00.005440000000,   0.00000,
,,,-00.005400000000,   0.00000,
,,,-00.005360000000,   0.00000,
,,,-00.005320000000,   0.00000,
,,,-00.005280000000,   0.00000,
,,,-00.005240000000,   0.00000,
,,,-00.005200000000,   0.00000,
,,,-00.005160000000,   0.00000,
,,,-00.005120000000,   0.00000,
,,,-00.005080000000,   0.00000,
,,,-00.005040000000,   0.00000,
,,,-00.005000000000,  -4.00000,
,,,-00.004960000000,   0.00000,
,,,-00.004920000000,   0.00000,
,,,-00.004880000000,   0.00000,
,,,-00.004840000000,   0.00000,
,,,-00.004800000000,   0.00000,
,,,-00.004760000000,   0.00000,
,,,-00.004720000000,   0.00000,
,,,-00.004680000000,   0.00000,
,,,-00.004640000000,   0.00000,
,,,-00.004600000000,   0.00000,
,,,-00.004560000000,   0.00000,
,,,-00.004520000000,   0.00000,
,,,-00.004480000000,   0.00000,
,,,-00.004440000000,   0.00000,
,,,-00.004400000000,   0.00000,
,,,-00.004360000000,   0.00000,
,,,-00.004320000000,   0.00000,
,,,-00.004280000000,   0.00000,
,,,-00.004240000000,   0.00000,
,,,-00.004200000000, 288.00000,
,,,-00.004160000000, 288.00000,
,,,-00.004120000000, 288.00000,
,,,-00.004080000000, 284.00000,
,,,-00.004040000000, 280.00000,
,,,-00.004000000000, 280.00000,
,,,-00.003960000000, 280.00000,
,,,-00.003920000000, 272.00000,
,,,-00.003880000000, 272.00000,
,,,-00.003840000000, 272.00000,
,,,-00.003800000000, 268.00000,
,,,-00.003760000000, 268.00000,
,,,-00.003720000000, 264.00000,
,,,-00.003680000000, 264.00000,
,,,-00.003640000000, 260.00000,
,,,-00.003600000000, 260.00000,
,,,-00.003560000000, 256.00000,
,,,-00.003520000000, 252.00000,
,,,-00.003480000000, 252.00000,
,,,-00.003440000000, 248.00000,
,,,-00.003400000000, 248.00000,
,,,-00.003360000000, 248.00000,
,,,-00.003320000000, 244.00000,
,,,-00.003280000000, 240.00000,
,,,-00.003240000000, 240.00000,
,,,-00.003200000000, 240.00000,
,,,-00.003160000000, 236.00000,
,,,-00.003120000000, 232.00000,
,,,-00.003080000000, 228.00000,
,,,-00.003040000000, 228.00000,
,,,-00.003000000000, 228.00000,
,,,-00.002960000000, 224.00000,
,,,-00.002920000000, 220.00000,
,,,-00.002880000000, 220.00000,
,,,-00.002840000000, 220.00000,
,,,-00.002800000000, 212.00000,
,,,-00.002760000000, 212.00000,
,,,-00.002720000000, 208.00000,
,,,-00.002680000000, 204.00000,
,,,-00.002640000000, 200.00000,
,,,-00.002600000000, 200.00000,
,,,-00.002560000000, 196.00000,
,,,-00.002520000000, 192.00000,
,,,-00.002480000000, 188.00000,
,,,-00.002440000000, 188.00000,
,,,-00.002400000000, 180.00000,
,,,-00.002360000000, 176.00000,
,,,-00.002320000000, 172.00000,
,,,-00.002280000000, 168.00000,
,,,-00.002240000000, 168.00000,
,,,-00.002200000000, 164.00000,
,,,-00.002160000000, 156.00000,
,,,-00.002120000000, 156.00000,
,,,-00.002080000000, 152.00000,
,,,-00.002040000000, 148.00000,
,,,-00.002000000000, 144.00000,
,,,-00.001960000000, 140.00000,
,,,-00.001920000000, 136.00000,
,,,-00.001880000000, 136.00000,
,,,-00.001840000000, 132.00000,
,,,-00.001800000000, 124.00000,
,,,-00.001760000000, 120.00000,
,,,-00.001720000000, 116.00000,
,,,-00.001680000000, 112.00000,
,,,-00.001640000000, 108.00000,
,,,-00.001600000000, 104.00000,
,,,-00.001560000000, 100.00000,
,,,-00.001520000000,  96.00000,
,,,-00.001480000000,  92.00000,
,,,-00.001440000000,  88.00000,
,,,-00.001400000000,  84.00000,
,,,-00.001360000000,  80.00000,
,,,-00.001320000000,  76.00000,
,,,-00.001280000000,  72.00000,
,,,-00.001240000000,  72.00000,
,,,-00.001200000000,  68.00000,
,,,-00.001160000000,  64.00000,
,,,-00.001120000000,  60.00000,
,,,-00.001080000000,  60.00000,
,,,-00.001040000000,  52.00000,
,,,-00.001000000000,  52.00000,
,,,-00.000960000000,  48.00000,
,,,-00.000920000000,  44.00000,
,,,-00.000880000000,  40.00000,
,,,-00.000840000000,  40.00000,
,,,-00.000800000000,  32.00000,
,,,-00.000760000000,  32.00000,
,,,-00.000720000000,  28.00000,
,,,-00.000680000000,  24.00000,
,,,-00.000640000000,  16.00000,
,,,-00.000600000000,  16.00000,
,,,-00.000560000000,   8.00000,
,,,-00.000520000000,   8.00000,
,,,-00.000480000000,   0.00000,
,,,-00.000440000000,   0.00000,
,,,-00.000400000000,   0.00000,
,,,-00.000360000000,   0.00000,
,,,-00.000320000000,   0.00000,
,,,-00.000280000000,   0.00000,
,,,-00.000240000000,   0.00000,
,,,-00.000200000000,   0.00000,
,,,-00.000160000000,   0.00000,
,,,-00.000120000000,   0.00000,
,,,-00.000080000000,   0.00000,
,,,-00.000040000000,   0.00000,
,,,-00.000000000000,   0.00000,
,,,00.000040000000,   0.00000,
,,,00.000080000000,   0.00000,
,,,00.000120000000,   0.00000,
,,,00.000160000000,   0.00000,
,,,00.000200000000,  -4.00000,
,,,00.000240000000,   0.00000,
,,,00.000280000000,   0.00000,
,,,00.000320000000,   0.00000,
,,,00.000360000000,   0.00000,
,,,00.000400000000,   0.00000,
,,,00.000440000000,   0.00000,
,,,00.000480000000,   0.00000,
,,,00.000520000000,   0.00000,
,,,00.000560000000,   0.00000,
,,,00.000600000000,   0.00000,
,,,00.000640000000,   0.00000,
,,,00.000680000000,   0.00000,
,,,00.000720000000,  -4.00000,
,,,00.000760000000,   0.00000,
,,,00.000800000000,   0.00000,
,,,00.000840000000,   0.00000,
,,,00.000880000000,   0.00000,
,,,00.000920000000,   0.00000,
,,,00.000960000000,   0.00000,
,,,00.001000000000,   0.00000,
,,,00.001040000000,   0.00000,
,,,00.001080000000,   0.00000,
,,,00.001120000000,   0.00000,
,,,00.001160000000,   0.00000,
,,,00.001200000000,   0.00000,
,,,00.001240000000,   0.00000,
,,,00.001280000000,   0.00000,
,,,00.001320000000,   0.00000,
,,,00.001360000000,   0.00000,
,,,00.001400000000,   0.00000,
,,,00.001440000000,   0.00000,
,,,00.001480000000,   0.00000,
,,,00.001520000000,   0.00000,
,,,00.001560000000,   0.00000,
,,,00.001600000000,   0.00000,
,,,00.001640000000,   0.00000,
,,,00.001680000000,   0.00000,
,,,00.001720000000,   0.00000,
,,,00.001760000000,   0.00000,
,,,00.001800000000,   0.00000,
,,,00.001840000000,   0.00000,
,,,00.001880000000,   0.00000,
,,,00.001920000000,   0.00000,
,,,00.001960000000,   0.00000,
,,,00.002000000000,   0.00000,
,,,00.002040000000,   0.00000,
,,,00.002080000000,   0.00000,
,,,00.002120000000,   0.00000,
,,,00.002160000000,   0.00000,
,,,00.002200000000,   0.00000,
,,,00.002240000000,   0.00000,
,,,00.002280000000,   0.00000,
,,,00.002320000000,   0.00000,
,,,00.002360000000,   0.00000,
,,,00.002400000000,   0.00000,
,,,00.002440000000,   0.00000,
,,,00.002480000000,   0.00000,
,,,00.002520000000,   0.00000,
,,,00.002560000000,   0.00000,
,,,00.002600000000,   0.00000,
,,,00.002640000000,   0.00000,
,,,00.002680000000,   0.00000,
,,,00.002720000000,   0.00000,
,,,00.002760000000,   0.00000,
,,,00.002800000000,   0.00000,
,,,00.002840000000,   0.00000,
,,,00.002880000000,   0.00000,
,,,00.002920000000,   0.00000,
,,,00.002960000000,   0.00000,
,,,00.003000000000,   0.00000,
,,,00.003040000000,   0.00000,
,,,00.003080000000,   0.00000,
,,,00.003120000000,   0.00000,
,,,00.003160000000,   0.00000,
,,,00.003200000000,   0.00000,
,,,00.003240000000,   0.00000,
,,,00.003280000000,   0.00000,
,,,00.003320000000,   0.00000,
,,,00.003360000000,   0.00000,
,,,00.003400000000,   0.00000,
,,,00.003440000000,   0.00000,
,,,00.003480000000,   0.00000,
,,,00.003520000000,   0.00000,
,,,00.003560000000,   0.00000,
,,,00.003600000000,   0.00000,
,,,00.003640000000,   0.00000,
,,,00.003680000000,   0.00000,
,,,00.003720000000,   0.00000,
,,,00.003760000000,   0.00000,
,,,00.003800000000,   0.00000,
,,,00.003840000000,   0.00000,
,,,00.003880000000,   0.00000,
,,,00.003920000000,   0.00000,
,,,00.003960000000,   0.00000,
,,,00.004000000000,   0.00000,
,,,00.004040000000,   0.00000,
,,,00.004080000000,   0.00000,
,,,00.004120000000,   0.00000,
,,,00.004160000000,   0.00000,
,,,00.004200000000,  -4.00000,
,,,00.004240000000,   0.00000,
,,,00.004280000000,   0.00000,
,,,00.004320000000,   0.00000,
,,,00.004360000000,   0.00000,
,,,00.004400000000,   0.00000,
,,,00.004440000000,   0.00000,
,,,00.004480000000,   0.00000,
,,,00.004520000000,   0.00000,
,,,00.004560000000,   4.00000,
,,,00.004600000000,   0.00000,
,,,00.004640000000,   0.00000,
,,,00.004680000000,   0.00000,
,,,00.004720000000,   0.00000,
,,,00.004760000000,   0.00000,
,,,00.004800000000,   0.00000,
,,,00.004840000000,   0.00000,
,,,00.004880000000,   0.00000,
,,,00.004920000000,   0.00000,
,,,00.004960000000,   0.00000,
,,,00.005000000000,   0.00000,
,,,00.005040000000,   0.00000,
,,,00.005080000000,   0.00000,
,,,00.005120000000,  -4.00000,
,,,00.005160000000,   0.00000,
,,,00.005200000000,   0.00000,
,,,00.005240000000,   0.00000,
,,,00.005280000000,   0.00000,
,,,00.005320000000,   0.00000,
,,,00.005360000000,   0.00000,
,,,00.005400000000,   0.00000,
,,,00.005440000000,   0.00000,
,,,00.005480000000,   0.00000,
,,,00.005520000000,   0.00000,
,,,00.005560000000,   0.00000,
,,,00.005600000000, 300.00000,
,,,00.005640000000, 300.00000,
,,,00.005680000000, 300.00000,
,,,00.005720000000, 296.00000,
,,,00.005760000000, 296.00000,
,,,00.005800000000, 296.00000,
,,,00.005840000000, 292.00000,
,,,00.005880000000, 288.00000,
,,,00.005920000000, 288.00000,
,,,00.005960000000, 284.00000,
,,,00.006000000000, 284.00000,
,,,00.006040000000, 280.00000,
,,,00.006080000000, 280.00000,
,,,00.006120000000, 280.00000,
,,,00.006160000000, 272.00000,
,,,00.006200000000, 276.00000,
,,,00.006240000000, 268.00000,
,,,00.006280000000, 268.00000,
,,,00.006320000000, 264.00000,
,,,00.006360000000, 260.00000,
,,,00.006400000000, 256.00000,
,,,00.006440000000, 252.00000,
,,,00.006480000000, 248.00000,
,,,00.006520000000, 248.00000,
,,,00.006560000000, 248.00000,
,,,00.006600000000, 244.00000,
,,,00.006640000000, 240.00000,
,,,00.006680000000, 244.00000,
,,,00.006720000000, 240.00000,
,,,00.006760000000, 236.00000,
,,,00.006800000000, 236.00000,
,,,00.006840000000, 232.00000,
,,,00.006880000000, 232.00000,
,,,00.006920000000, 228.00000,
,,,00.006960000000, 228.00000,
,,,00.007000000000, 224.00000,
,,,00.007040000000, 220.00000,
,,,00.007080000000, 220.00000,
,,,00.007120000000, 216.00000,
,,,00.007160000000, 212.00000,
,,,00.007200000000, 208.00000,
,,,00.007240000000, 208.00000,
,,,00.007280000000, 200.00000,
,,,00.007320000000, 200.00000,
,,,00.007360000000, 196.00000,
,,,00.007400000000, 192.00000,
,,,00.007440000000, 192.00000,
,,,00.007480000000, 188.00000,
,,,00.007520000000, 184.00000,
,,,00.007560000000, 184.00000,
,,,00.007600000000, 176.00000,
,,,00.007640000000, 172.00000,
,,,00.007680000000, 172.00000,
,,,00.007720000000, 168.00000,
,,,00.007760000000, 164.00000,
,,,00.007800000000, 160.00000,
,,,00.007840000000, 160.00000,
,,,00.007880000000, 152.00000,
,,,00.007920000000, 148.00000,
,,,00.007960000000, 148.00000,
,,,00.008000000000, 144.00000,
,,,00.008040000000, 140.00000,
,,,00.008080000000, 136.00000,
,,,00.008120000000, 132.00000,
,,,00.008160000000, 128.00000,
,,,00.008200000000, 124.00000,
,,,00.008240000000, 124.00000,
,,,00.008280000000, 116.00000,
,,,00.008320000000, 116.00000,
,,,00.008360000000, 112.00000,
,,,00.008400000000, 108.00000,
,,,00.008440000000, 104.00000,
,,,00.008480000000, 100.00000,
,,,00.008520000000,  92.00000,
,,,00.008560000000,  92.00000,
,,,00.008600000000,  88.00000,
,,,00.008640000000,  84.00000,
,,,00.008680000000,  80.00000,
,,,00.008720000000,  80.00000,
,,,00.008760000000,  72.00000,
,,,00.008800000000,  68.00000,
,,,00.008840000000,  64.00000,
,,,00.008880000000,  60.00000,
,,,00.008920000000,  56.00000,
,,,00.008960000000,  56.00000,
,,,00.009000000000,  48.00000,
,,,00.009040000000,  48.00000,
,,,00.009080000000,  40.00000,
,,,00.009120000000,  40.00000,
,,,00.009160000000,  36.00000,
,,,00.009200000000,  32.00000,
,,,00.009240000000,  28.00000,
,,,00.009280000000,  24.00000,
,,,00.009320000000,  20.00000,
,,,00.009360000000,  16.00000,
,,,00.009400000000,  12.00000,
,,,00.009440000000,   8.00000,
,,,00.009480000000,   4.00000,
,,,00.009520000000,   0.00000,
,,,00.009560000000,   0.00000,
,,,00.009600000000,   0.00000,
,,,00.009640000000,   0.00000,
,,,00.009680000000,   0.00000,
,,,00.009720000000,   0.00000,
,,,00.009760000000,   0.00000,
,,,00.009800000000,   0.00000,
,,,00.009840000000,   0.00000,
,,,00.009880000000,   0.00000,
,,,00.009920000000,   0.00000,
,,,00.009960000000,   0.00000,
,,,00.010000000000,   0.00000,
,,,00.010040000000,   0.00000,
,,,00.010080000000,   0.00000,
,,,00.010120000000,   0.00000,
,,,00.010160000000,   0.00000,
,,,00.010200000000,   0.00000,
,,,00.010240000000,   0.00000,
,,,00.010280000000,   0.00000,
,,,00.010320000000,   0.00000,
,,,00.010360000000,   0.00000,
,,,00.010400000000,   0.00000,
,,,00.010440000000,   0.00000,
,,,00.010480000000,   0.00000,
,,,00.010520000000,   0.00000,
,,,00.010560000000,   0.00000,
,,,00.010600000000,   0.00000,
,,,00.010640000000,   0.00000,
,,,00.010680000000,   0.00000,
,,,00.010720000000,   0.00000,
,,,00.010760000000,   0.00000,
,,,00.010800000000,   0.00000,
,,,00.010840000000,   0.00000,
,,,00.010880000000,   0.00000,
,,,00.010920000000,   0.00000,
,,,00.010960000000,   0.00000,
,,,00.011000000000,   0.00000,
,,,00.011040000000,   0.00000,
,,,00.011080000000,   0.00000,
,,,00.011120000000,   0.00000,
,,,00.011160000000,   0.00000,
,,,00.011200000000,   0.00000,
,,,00.011240000000,   0.00000,
,,,00.011280000000,   0.00000,
,,,00.011320000000,   0.00000,
,,,00.011360000000,   0.00000,
,,,00.011400000000,   0.00000,
,,,00.011440000000,   0.00000,
,,,00.011480000000,   0.00000,
,,,00.011520000000,   0.00000,
,,,00.011560000000,   0.00000,
,,,00.011600000000,   0.00000,
,,,00.011640000000,   0.00000,
,,,00.011680000000,   0.00000,
,,,00.011720000000,   0.00000,
,,,00.011760000000,   0.00000,
,,,00.011800000000,   0.00000,
,,,00.011840000000,   4.00000,
,,,00.011880000000,   0.00000,
,,,00.011920000000,   0.00000,
,,,00.011960000000,   0.00000,
,,,00.012000000000,   0.00000,
,,,00.012040000000,   0.00000,
,,,00.012080000000,   0.00000,
,,,00.012120000000,   0.00000,
,,,00.012160000000,   0.00000,
,,,00.012200000000,   0.00000,
,,,00.012240000000,   0.00000,
,,,00.012280000000,   0.00000,
,,,00.012320000000,   0.00000,
,,,00.012360000000,   0.00000,
,,,00.012400000000,   0.00000,
,,,00.012440000000,   0.00000,
,,,00.012480000000,   0.00000,
,,,00.012520000000,   0.00000,
,,,00.012560000000,   0.00000,
,,,00.012600000000,   0.00000,
,,,00.012640000000,   0.00000,
,,,00.012680000000,   0.00000,
,,,00.012720000000,   0.00000,
,,,00.012760000000,   0.00000,
,,,00.012800000000,   0.00000,
,,,00.012840000000,   0.00000,
,,,00.012880000000,   0.00000,
,,,00.012920000000,   0.00000,
,,,00.012960000000,   0.00000,
,,,00.013000000000,   0.00000,
,,,00.013040000000,   0.00000,
,,,00.013080000000,   0.00000,
,,,00.013120000000,   0.00000,
,,,00.013160000000,   0.00000,
,,,00.013200000000,   0.00000,
,,,00.013240000000,   0.00000,
,,,00.013280000000,   0.00000,
,,,00.013320000000,   0.00000,
,,,00.013360000000,   0.00000,
,,,00.013400000000,   0.00000,
,,,00.013440000000,   0.00000,
,,,00.013480000000,   0.00000,
,,,00.013520000000,   0.00000,
,,,00.013560000000,   0.00000,
,,,00.013600000000,   0.00000,
,,,00.013640000000,   0.00000,
,,,00.013680000000,   0.00000,
,,,00.013720000000,   0.00000,
,,,00.013760000000,   0.00000,
,,,00.013800000000,   0.00000,
,,,00.013840000000,   0.00000,
,,,00.013880000000,   4.00000,
,,,00.013920000000,   0.00000,
,,,00.013960000000,   0.00000,
,,,00.014000000000,   0.00000,
,,,00.014040000000,   0.00000,
,,,00.014080000000,   0.00000,
,,,00.014120000000,   0.00000,
,,,00.014160000000,   0.00000,
,,,00.014200000000,   0.00000,
,,,00.014240000000,   0.00000,
,,,00.014280000000,   0.00000,
,,,00.014320000000,   0.00000,
,,,00.014360000000,   0.00000,
,,,00.014400000000,   0.00000,
,,,00.014440000000,   0.00000,
,,,00.014480000000,   0.00000,
,,,00.014520000000,   0.00000,
,,,00.014560000000,   0.00000,
,,,00.014600000000,   0.00000,
,,,00.014640000000,   0.00000,
,,,00.014680000000,   0.00000,
,,,00.014720000000,   0.00000,
,,,00.014760000000,   0.00000,
,,,00.014800000000,   0.00000,
,,,00.014840000000,   0.00000,
,,,00.014880000000,   0.00000,
,,,00.014920000000,   0.00000,
,,,00.014960000000,   4.00000,
,,,00.015000000000,   0.00000,
,,,00.015040000000,   0.00000,
,,,00.015080000000,   0.00000,
,,,00.015120000000,   0.00000,
,,,00.015160000000,   0.00000,
,,,00.015200000000,  -4.00000,
,,,00.015240000000,   0.00000,
,,,00.015280000000,   0.00000,
,,,00.015320000000,   0.00000,
,,,00.015360000000,   0.00000,
,,,00.015400000000,   0.00000,
,,,00.015440000000,   0.00000,
,,,00.015480000000,   0.00000,
,,,00.015520000000,   0.00000,
,,,00.015560000000,   0.00000,
,,,00.015600000000,   0.00000,
,,,00.015640000000,   0.00000,
,,,00.015680000000,   0.00000,
,,,00.015720000000,   0.00000,
,,,00.015760000000,   0.00000,
,,,00.015800000000, 288.00000,
,,,00.015840000000, 288.00000,
,,,00.015880000000, 284.00000,
,,,00.015920000000, 284.00000,
,,,00.015960000000, 280.00000,
,,,00.016000000000, 280.00000,
,,,00.016040000000, 280.00000,
,,,00.016080000000, 276.00000,
,,,00.016120000000, 276.00000,
,,,00.016160000000, 276.00000,
,,,00.016200000000, 272.00000,
,,,00.016240000000, 272.00000,
,,,00.016280000000, 268.00000,
,,,00.016320000000, 264.00000,
,,,00.016360000000, 264.00000,
,,,00.016400000000, 260.00000,
,,,00.016440000000, 260.00000,
,,,00.016480000000, 256.00000,
,,,00.016520000000, 252.00000,
,,,00.016560000000, 252.00000,
,,,00.016600000000, 248.00000,
,,,00.016640000000, 248.00000,
,,,00.016680000000, 244.00000,
,,,00.016720000000, 240.00000,
,,,00.016760000000, 240.00000,
,,,00.016800000000, 240.00000,
,,,00.016840000000, 236.00000,
,,,00.016880000000, 236.00000,
,,,00.016920000000, 232.00000,
,,,00.016960000000, 228.00000,
,,,00.017000000000, 228.00000,
,,,00.017040000000, 224.00000,
,,,00.017080000000, 220.00000,
,,,00.017120000000, 220.00000,
,,,00.017160000000, 216.00000,
,,,00.017200000000, 212.00000,
,,,00.017240000000, 208.00000,
,,,00.017280000000, 208.00000,
,,,00.017320000000, 204.00000,
,,,00.017360000000, 200.00000,
,,,00.017400000000, 200.00000,
,,,00.017440000000, 192.00000,
,,,00.017480000000, 192.00000,
,,,00.017520000000, 188.00000,
,,,00.017560000000, 184.00000,
,,,00.017600000000, 176.00000,
,,,00.017640000000, 176.00000,
,,,00.017680000000, 172.00000,
,,,00.017720000000, 168.00000,
,,,00.017760000000, 164.00000,
,,,00.017800000000, 164.00000,
,,,00.017840000000, 156.00000,
,,,00.017880000000, 152.00000,
,,,00.017920000000, 148.00000,
,,,00.017960000000, 144.00000,
,,,00.018000000000, 140.00000,
,,,00.018040000000, 140.00000,
,,,00.018080000000, 132.00000,
,,,00.018120000000, 128.00000,
,,,00.018160000000, 124.00000,
,,,00.018200000000, 120.00000,
,,,00.018240000000, 116.00000,
,,,00.018280000000, 112.00000,
,,,00.018320000000, 104.00000,
,,,00.018360000000, 104.00000,
,,,00.018400000000, 100.00000,
,,,00.018440000000,  96.00000,
,,,00.018480000000,  88.00000,
,,,00.018520000000,  88.00000,
,,,00.018560000000,  84.00000,
,,,00.018600000000,  80.00000,
,,,00.018640000000,  80.00000,
,,,00.018680000000,  76.00000,
,,,00.018720000000,  68.00000,
,,,00.018760000000,  68.00000,
,,,00.018800000000,  64.00000,
,,,00.018840000000,  60.00000,
,,,00.018880000000,  60.00000,
,,,00.018920000000,  56.00000,
,,,00.018960000000,  52.00000,
,,,00.019000000000,  52.00000,
,,,00.019040000000,  48.00000,
,,,00.019080000000,  44.00000,
,,,00.019120000000,  44.00000,
,,,00.019160000000,  40.00000,
,,,00.019200000000,  32.00000,
,,,00.019240000000,  28.00000,
,,,00.019280000000,  28.00000,
,,,00.019320000000,  20.00000,
,,,00.019360000000,  12.00000,
,,,00.019400000000,  12.00000,
,,,00.019440000000,   8.00000,
,,,00.019480000000,   4.00000,
,,,00.019520000000,   0.00000,
,,,00.019560000000,   0.00000,
,,,00.019600000000,   0.00000,
,,,00.019640000000,   0.00000,
,,,00.019680000000,   0.00000,
,,,00.019720000000,   0.00000,
,,,00.019760000000,   0.00000,
,,,00.019800000000,   0.00000,
,,,00.019840000000,   0.00000,
,,,00.019880000000,   0.00000,
,,,00.019920000000,  -4.00000,
,,,00.019960000000,   0.00000,
,,,00.020000000000,   0.00000,
,,,00.020040000000,   0.00000,
,,,00.020080000000,   0.00000,
,,,00.020120000000,   0.00000,
,,,00.020160000000,   0.00000,
,,,00.020200000000,   0.00000,
,,,00.020240000000,   0.00000,
,,,00.020280000000,   0.00000,
,,,00.020320000000,   0.00000,
,,,00.020360000000,   0.00000,
,,,00.020400000000,   0.00000,
,,,00.020440000000,   0.00000,
,,,00.020480000000,   0.00000,
,,,00.020520000000,   0.00000,
,,,00.020560000000,   0.00000,
,,,00.020600000000,   0.00000,
,,,00.020640000000,   0.00000,
,,,00.020680000000,   0.00000,
,,,00.020720000000,   0.00000,
,,,00.020760000000,   0.00000,
,,,00.020800000000,   0.00000,
,,,00.020840000000,   0.00000,
,,,00.020880000000,   0.00000,
,,,00.020920000000,   0.00000,
,,,00.020960000000,   0.00000,
,,,00.021000000000,   0.00000,
,,,00.021040000000,   0.00000,
,,,00.021080000000,   0.00000,
,,,00.021120000000,   0.00000,
,,,00.021160000000,   0.00000,
,,,00.021200000000,   0.00000,
,,,00.021240000000,   0.00000,
,,,00.021280000000,   0.00000,
,,,00.021320000000,   0.00000,
,,,00.021360000000,   0.00000,
,,,00.021400000000,   0.00000,
,,,00.021440000000,   0.00000,
,,,00.021480000000,   0.00000,
,,,00.021520000000,   0.00000,
,,,00.021560000000,   0.00000,
,,,00.021600000000,   0.00000,
,,,00.021640000000,   0.00000,
,,,00.021680000000,   0.00000,
,,,00.021720000000,   0.00000,
,,,00.021760000000,   0.00000,
,,,00.021800000000,   0.00000,
,,,00.021840000000,   0.00000,
,,,00.021880000000,   0.00000,
,,,00.021920000000,   0.00000,
,,,00.021960000000,   0.00000,
,,,00.022000000000,   0.00000,
,,,00.022040000000,   0.00000,
,,,00.022080000000,   0.00000,
,,,00.022120000000,   4.00000,
,,,00.022160000000,   0.00000,
,,,00.022200000000,   0.00000,
,,,00.022240000000,   0.00000,
,,,00.022280000000,   0.00000,
,,,00.022320000000,   0.00000,
,,,00.022360000000,   0.00000,
,,,00.022400000000,   0.00000,
,,,00.022440000000,   0.00000,
,,,00.022480000000,   0.00000,
,,,00.022520000000,   0.00000,
,,,00.022560000000,   0.00000,
,,,00.022600000000,   0.00000,
,,,00.022640000000,   0.00000,
,,,00.022680000000,   0.00000,
,,,00.022720000000,   0.00000,
,,,00.022760000000,   0.00000,
,,,00.022800000000,   0.00000,
,,,00.022840000000,   0.00000,
,,,00.022880000000,   0.00000,
,,,00.022920000000,   0.00000,
,,,00.022960000000,   0.00000,
,,,00.023000000000,   0.00000,
,,,00.023040000000,   0.00000,
,,,00.023080000000,   0.00000,
,,,00.023120000000,   0.00000,
,,,00.023160000000,   4.00000,
,,,00.023200000000,   0.00000,
,,,00.023240000000,   0.00000,
,,,00.023280000000,   0.00000,
,,,00.023320000000,   0.00000,
,,,00.023360000000,   0.00000,
,,,00.023400000000,   0.00000,
,,,00.023440000000,   0.00000,
,,,00.023480000000,   0.00000,
,,,00.023520000000,   0.00000,
,,,00.023560000000,   0.00000,
,,,00.023600000000,   0.00000,
,,,00.023640000000,   0.00000,
,,,00.023680000000,   0.00000,
,,,00.023720000000,   0.00000,
,,,00.023760000000,   4.00000,
,,,00.023800000000,   0.00000,
,,,00.023840000000,   0.00000,
,,,00.023880000000,   0.00000,
,,,00.023920000000,   0.00000,
,,,00.023960000000,   0.00000,
,,,00.024000000000,   0.00000,
,,,00.024040000000,   0.00000,
,,,00.024080000000,   0.00000,
,,,00.024120000000,   0.00000,
,,,00.024160000000,   0.00000,
,,,00.024200000000,   0.00000,
,,,00.024240000000,   0.00000,
,,,00.024280000000,   0.00000,
,,,00.024320000000,   0.00000,
,,,00.024360000000,   0.00000,
,,,00.024400000000,   0.00000,
,,,00.024440000000,   0.00000,
,,,00.024480000000,   0.00000,
,,,00.024520000000,   0.00000,
,,,00.024560000000,   0.00000,
,,,00.024600000000,   0.00000,
,,,00.024640000000,   0.00000,
,,,00.024680000000,   0.00000,
,,,00.024720000000,   0.00000,
,,,00.024760000000,   0.00000,
,,,00.024800000000,   0.00000,
,,,00.024840000000,   0.00000,
,,,00.024880000000,   0.00000,
,,,00.024920000000,   0.00000,
,,,00.024960000000,   0.00000,
,,,00.025000000000,   0.00000,
,,,00.025040000000,   0.00000,
,,,00.025080000000,   0.00000,
,,,00.025120000000,   0.00000,
,,,00.025160000000,   0.00000,
,,,00.025200000000,   0.00000,
,,,00.025240000000,   0.00000,
,,,00.025280000000,   0.00000,
,,,00.025320000000,   0.00000,
,,,00.025360000000,   0.00000,
,,,00.025400000000,   0.00000,
,,,00.025440000000,   0.00000,
,,,00.025480000000,   0.00000,
,,,00.025520000000,   0.00000,
,,,00.025560000000,   0.00000,
,,,00.025600000000, 300.00000,
,,,00.025640000000, 296.00000,
,,,00.025680000000, 296.00000,
,,,00.025720000000, 296.00000,
,,,00.025760000000, 292.00000,
,,,00.025800000000, 292.00000,
,,,00.025840000000, 288.00000,
,,,00.025880000000, 288.00000,
,,,00.025920000000, 288.00000,
,,,00.025960000000, 288.00000,
,,,00.026000000000, 284.00000,
,,,00.026040000000, 280.00000,
,,,00.026080000000, 280.00000,
,,,00.026120000000, 280.00000,
,,,00.026160000000, 276.00000,
,,,00.026200000000, 276.00000,
,,,00.026240000000, 272.00000,
,,,00.026280000000, 268.00000,
,,,00.026320000000, 264.00000,
,,,00.026360000000, 260.00000,
,,,00.026400000000, 256.00000,
,,,00.026440000000, 256.00000,
,,,00.026480000000, 248.00000,
,,,00.026520000000, 248.00000,
,,,00.026560000000, 244.00000,
,,,00.026600000000, 244.00000,
,,,00.026640000000, 236.00000,
,,,00.026680000000, 240.00000,
,,,00.026720000000, 236.00000,
,,,00.026760000000, 232.00000,
,,,00.026800000000, 232.00000,
,,,00.026840000000, 232.00000,
,,,00.026880000000, 228.00000,
,,,00.026920000000, 228.00000,
,,,00.026960000000, 224.00000,
,,,00.027000000000, 220.00000,
,,,00.027040000000, 220.00000,
,,,00.027080000000, 220.00000,
,,,00.027120000000, 216.00000,
,,,00.027160000000, 216.00000,
,,,00.027200000000, 212.00000,
,,,00.027240000000, 212.00000,
,,,00.027280000000, 204.00000,
,,,00.027320000000, 204.00000,
,,,00.027360000000, 204.00000,
,,,00.027400000000, 196.00000,
,,,00.027440000000, 196.00000,
,,,00.027480000000, 192.00000,
,,,00.027520000000, 188.00000,
,,,00.027560000000, 184.00000,
,,,00.027600000000, 180.00000,
,,,00.027640000000, 176.00000,
,,,00.027680000000, 172.00000,
,,,00.027720000000, 168.00000,
,,,00.027760000000, 164.00000,
,,,00.027800000000, 160.00000,
,,,00.027840000000, 156.00000,
,,,00.027880000000, 152.00000,
,,,00.027920000000, 148.00000,
,,,00.027960000000, 144.00000,
,,,00.028000000000, 140.00000,
,,,00.028040000000, 136.00000,
,,,00.028080000000, 136.00000,
,,,00.028120000000, 128.00000,
,,,00.028160000000, 124.00000,
,,,00.028200000000, 120.00000,
,,,00.028240000000, 120.00000,
,,,00.028280000000, 112.00000,
,,,00.028320000000, 108.00000,
,,,00.028360000000, 108.00000,
,,,00.028400000000, 100.00000,
,,,00.028440000000, 100.00000,
,,,00.028480000000,  96.00000,
,,,00.028520000000,  92.00000,
,,,00.028560000000,  88.00000,
,,,00.028600000000,  88.00000,
,,,00.028640000000,  84.00000,
,,,00.028680000000,  80.00000,
,,,00.028720000000,  76.00000,
,,,00.028760000000,  68.00000,
,,,00.028800000000,  68.00000,
,,,00.028840000000,  64.00000,
,,,00.028880000000,  60.00000,
,,,00.028920000000,  56.00000,
,,,00.028960000000,  52.00000,
,,,00.029000000000,  48.00000,
,,,00.029040000000,  44.00000,
,,,00.029080000000,  40.00000,
,,,00.029120000000,  36.00000,
,,,00.029160000000,  32.00000,
,,,00.029200000000,  32.00000,
,,,00.029240000000,  28.00000,
,,,00.029280000000,  24.00000,
,,,00.029320000000,  20.00000,
,,,00.029360000000,  16.00000,
,,,00.029400000000,   8.00000,
,,,00.029440000000,   8.00000,
,,,00.029480000000,   4.00000,
,,,00.029520000000,   0.00000,
,,,00.029560000000,   0.00000,
,,,00.029600000000,   0.00000,
,,,00.029640000000,   0.00000,
,,,00.029680000000,   0.00000,
,,,00.029720000000,   0.00000,
,,,00.029760000000,   0.00000,
,,,00.029800000000,   0.00000,
,,,00.029840000000,   0.00000,
,,,00.029880000000,   0.00000,
,,,00.029920000000,   0.00000,
,,,00.029960000000,   0.00000,
,,,00.030000000000,   0.00000,
,,,00.030040000000,   0.00000,
,,,00.030080000000,   0.00000,
,,,00.030120000000,   0.00000,
,,,00.030160000000,   0.00000,
,,,00.030200000000,   0.00000,
,,,00.030240000000,   0.00000,
,,,00.030280000000,   0.00000,
,,,00.030320000000,   0.00000,
,,,00.030360000000,   0.00000,
,,,00.030400000000,   0.00000,
,,,00.030440000000,   0.00000,
,,,00.030480000000,   0.00000,
,,,00.030520000000,   0.00000,
,,,00.030560000000,   0.00000,
,,,00.030600000000,   0.00000,
,,,00.030640000000,   0.00000,
,,,00.030680000000,   4.00000,
,,,00.030720000000,   0.00000,
,,,00.030760000000,   0.00000,
,,,00.030800000000,   0.00000,
,,,00.030840000000,   0.00000,
,,,00.030880000000,   0.00000,
,,,00.030920000000,   0.00000,
,,,00.030960000000,   0.00000,
,,,00.031000000000,   0.00000,
,,,00.031040000000,   0.00000,
,,,00.031080000000,   0.00000,
,,,00.031120000000,   0.00000,
,,,00.031160000000,   0.00000,
,,,00.031200000000,   0.00000,
,,,00.031240000000,   0.00000,
,,,00.031280000000,   0.00000,
,,,00.031320000000,   0.00000,
,,,00.031360000000,   0.00000,
,,,00.031400000000,   0.00000,
,,,00.031440000000,   0.00000,
,,,00.031480000000,   0.00000,
,,,00.031520000000,   0.00000,
,,,00.031560000000,   0.00000,
,,,00.031600000000,   0.00000,
,,,00.031640000000,   0.00000,
,,,00.031680000000,   0.00000,
,,,00.031720000000,   0.00000,
,,,00.031760000000,   0.00000,
,,,00.031800000000,   0.00000,
,,,00.031840000000,   0.00000,
,,,00.031880000000,   0.00000,
,,,00.031920000000,   0.00000,
,,,00.031960000000,   0.00000,
,,,00.032000000000,   0.00000,
,,,00.032040000000,   4.00000,
,,,00.032080000000,   0.00000,
,,,00.032120000000,   0.00000,
,,,00.032160000000,   0.00000,
,,,00.032200000000,   0.00000,
,,,00.032240000000,   0.00000,
,,,00.032280000000,   0.00000,
,,,00.032320000000,   0.00000,
,,,00.032360000000,   0.00000,
,,,00.032400000000,   0.00000,
,,,00.032440000000,   0.00000,
,,,00.032480000000,   0.00000,
,,,00.032520000000,   0.00000,
,,,00.032560000000,   0.00000,
,,,00.032600000000,   0.00000,
,,,00.032640000000,   0.00000,
,,,00.032680000000,   0.00000,
,,,00.032720000000,   0.00000,
,,,00.032760000000,   0.00000,
,,,00.032800000000,   0.00000,
,,,00.032840000000,   0.00000,
,,,00.032880000000,   0.00000,
,,,00.032920000000,   0.00000,
,,,00.032960000000,   0.00000,
,,,00.033000000000,   0.00000,
,,,00.033040000000,   0.00000,
,,,00.033080000000,   0.00000,
,,,00.033120000000,   0.00000,
,,,00.033160000000,   0.00000,
,,,00.033200000000,   0.00000,
,,,00.033240000000,   0.00000,
,,,00.033280000000,   0.00000,
,,,00.033320000000,   0.00000,
,,,00.033360000000,   0.00000,
,,,00.033400000000,   0.00000,
,,,00.033440000000,   4.00000,
,,,00.033480000000,   0.00000,
,,,00.033520000000,   0.00000,
,,,00.033560000000,   0.00000,
,,,00.033600000000,   0.00000,
,,,00.033640000000,   0.00000,
,,,00.033680000000,   0.00000,
,,,00.033720000000,   0.00000,
,,,00.033760000000,   0.00000,
,,,00.033800000000,   0.00000,
,,,00.033840000000,   0.00000,
,,,00.033880000000,   0.00000,
,,,00.033920000000,   0.00000,
,,,00.033960000000,   0.00000,
,,,00.034000000000,   0.00000,
,,,00.034040000000,   0.00000,
,,,00.034080000000,   0.00000,
,,,00.034120000000,   0.00000,
,,,00.034160000000,   0.00000,
,,,00.034200000000,   0.00000,
,,,00.034240000000,   0.00000,
,,,00.034280000000,   0.00000,
,,,00.034320000000,   0.00000,
,,,00.034360000000,   0.00000,
,,,00.034400000000,   0.00000,
,,,00.034440000000,   0.00000,
,,,00.034480000000,   0.00000,
,,,00.034520000000,   0.00000,
,,,00.034560000000,   0.00000,
,,,00.034600000000,   0.00000,
,,,00.034640000000,   0.00000,
,,,00.034680000000,   0.00000,
,,,00.034720000000,   0.00000,
,,,00.034760000000,   0.00000,
,,,00.034800000000,   0.00000,
,,,00.034840000000,   0.00000,
,,,00.034880000000,   0.00000,
,,,00.034920000000,   0.00000,
,,,00.034960000000,   0.00000,
,,,00.035000000000,   0.00000,
,,,00.035040000000,   0.00000,
,,,00.035080000000,   0.00000,
,,,00.035120000000,   0.00000,
,,,00.035160000000,   0.00000,
,,,00.035200000000,   0.00000,
,,,00.035240000000,   0.00000,
,,,00.035280000000,   0.00000,
,,,00.035320000000,   0.00000,
,,,00.035360000000,   0.00000,
,,,00.035400000000,   0.00000,
,,,00.035440000000,   0.00000,
,,,00.035480000000,   0.00000,
,,,00.035520000000,   0.00000,
,,,00.035560000000,   0.00000,
,,,00.035600000000,   0.00000,
,,,00.035640000000,   0.00000,
,,,00.035680000000,   0.00000,
,,,00.035720000000,   0.00000,
,,,00.035760000000,   0.00000,
,,,00.035800000000, 296.00000,
,,,00.035840000000, 288.00000,
,,,00.035880000000, 288.00000,
,,,00.035920000000, 284.00000,
,,,00.035960000000, 284.00000,
,,,00.036000000000, 284.00000,
,,,00.036040000000, 280.00000,
,,,00.036080000000, 276.00000,
,,,00.036120000000, 276.00000,
,,,00.036160000000, 276.00000,
,,,00.036200000000, 272.00000,
,,,00.036240000000, 272.00000,
,,,00.036280000000, 268.00000,
,,,00.036320000000, 264.00000,
,,,00.036360000000, 264.00000,
,,,00.036400000000, 260.00000,
,,,00.036440000000, 260.00000,
,,,00.036480000000, 252.00000,
,,,00.036520000000, 252.00000,
,,,00.036560000000, 252.00000,
,,,00.036600000000, 248.00000,
,,,00.036640000000, 244.00000,
,,,00.036680000000, 240.00000,
,,,00.036720000000, 240.00000,
,,,00.036760000000, 232.00000,
,,,00.036800000000, 232.00000,
,,,00.036840000000, 228.00000,
,,,00.036880000000, 228.00000,
,,,00.036920000000, 224.00000,
,,,00.036960000000, 224.00000,
,,,00.037000000000, 220.00000,
,,,00.037040000000, 216.00000,
,,,00.037080000000, 216.00000,
,,,00.037120000000, 212.00000,
,,,00.037160000000, 212.00000,
,,,00.037200000000, 208.00000,
,,,00.037240000000, 204.00000,
,,,00.037280000000, 204.00000,
,,,00.037320000000, 200.00000,
,,,00.037360000000, 196.00000,
,,,00.037400000000, 196.00000,
,,,00.037440000000, 188.00000,
,,,00.037480000000, 188.00000,
,,,00.037520000000, 188.00000,
,,,00.037560000000, 184.00000,
,,,00.037600000000, 176.00000,
,,,00.037640000000, 172.00000,
,,,00.037680000000, 172.00000,
,,,00.037720000000, 168.00000,
,,,00.037760000000, 164.00000,
,,,00.037800000000, 164.00000,
,,,00.037840000000, 156.00000,
,,,00.037880000000, 156.00000,
,,,00.037920000000, 152.00000,
,,,00.037960000000, 148.00000,
,,,00.038000000000, 144.00000,
,,,00.038040000000, 140.00000,
,,,00.038080000000, 132.00000,
,,,00.038120000000, 132.00000,
,,,00.038160000000, 124.00000,
,,,00.038200000000, 120.00000,
,,,00.038240000000, 116.00000,
,,,00.038280000000, 116.00000,
,,,00.038320000000, 108.00000,
,,,00.038360000000, 104.00000,
,,,00.038400000000,  96.00000,
,,,00.038440000000,  92.00000,
,,,00.038480000000,  88.00000,
,,,00.038520000000,  88.00000,
,,,00.038560000000,  84.00000,
,,,00.038600000000,  80.00000,
,,,00.038640000000,  76.00000,
,,,00.038680000000,  76.00000,
,,,00.038720000000,  68.00000,
,,,00.038760000000,  68.00000,
,,,00.038800000000,  64.00000,
,,,00.038840000000,  60.00000,
,,,00.038880000000,  60.00000,
,,,00.038920000000,  60.00000,
,,,00.038960000000,  52.00000,
,,,00.039000000000,  52.00000,
,,,00.039040000000,  52.00000,
,,,00.039080000000,  44.00000,
,,,00.039120000000,  44.00000,
,,,00.039160000000,  40.00000,
,,,00.039200000000,  36.00000,
,,,00.039240000000,  32.00000,
,,,00.039280000000,  32.00000,
,,,00.039320000000,  28.00000,
,,,00.039360000000,  20.00000,
,,,00.039400000000,  16.00000,
,,,00.039440000000,  12.00000,
,,,00.039480000000,   8.00000,
,,,00.039520000000,   4.00000,
,,,00.039560000000,   0.00000,
,,,00.039600000000,   0.00000,
,,,00.039640000000,   0.00000,
,,,00.039680000000,   0.00000,
,,,00.039720000000,   0.00000,
,,,00.039760000000,   0.00000,
,,,00.039800000000,   0.00000,
,,,00.039840000000,   0.00000,
,,,00.039880000000,   0.00000,
,,,00.039920000000,   0.00000,
,,,00.039960000000,   0.00000,
,,,00.040000000000,   0.00000,
,,,00.040040000000,   0.00000,
,,,00.040080000000,   0.00000,
,,,00.040120000000,   0.00000,
,,,00.040160000000,   0.00000,
,,,00.040200000000,   0.00000,
,,,00.040240000000,   0.00000,
,,,00.040280000000,   0.00000,
,,,00.040320000000,   0.00000,
,,,00.040360000000,   0.00000,
,,,00.040400000000,   0.00000,
,,,00.040440000000,   0.00000,
,,,00.040480000000,   0.00000,
,,,00.040520000000,   0.00000,
,,,00.040560000000,   0.00000,
,,,00.040600000000,   0.00000,
,,,00.040640000000,   0.00000,
,,,00.040680000000,   0.00000,
,,,00.040720000000,   0.00000,
,,,00.040760000000,   0.00000,
,,,00.040800000000,   0.00000,
,,,00.040840000000,   0.00000,
,,,00.040880000000,   0.00000,
,,,00.040920000000,   0.00000,
,,,00.040960000000,   0.00000,
,,,00.041000000000,   0.00000,
,,,00.041040000000,   0.00000,
,,,00.041080000000,   0.00000,
,,,00.041120000000,   0.00000,
,,,00.041160000000,   0.00000,
,,,00.041200000000,   0.00000,
,,,00.041240000000,   0.00000,
,,,00.041280000000,   0.00000,
,,,00.041320000000,   0.00000,
,,,00.041360000000,   0.00000,
,,,00.041400000000,   0.00000,
,,,00.041440000000,   0.00000,
,,,00.041480000000,   0.00000,
,,,00.041520000000,   0.00000,
,,,00.041560000000,   0.00000,
,,,00.041600000000,   0.00000,
,,,00.041640000000,   0.00000,
,,,00.041680000000,   0.00000,
,,,00.041720000000,   0.00000,
,,,00.041760000000,   0.00000,
,,,00.041800000000,   0.00000,
,,,00.041840000000,   0.00000,
,,,00.041880000000,   0.00000,
,,,00.041920000000,   0.00000,
,,,00.041960000000,   0.00000,
,,,00.042000000000,   0.00000,
,,,00.042040000000,   0.00000,
,,,00.042080000000,   0.00000,
,,,00.042120000000,   0.00000,
,,,00.042160000000,   0.00000,
,,,00.042200000000,   0.00000,
,,,00.042240000000,   0.00000,
,,,00.042280000000,   0.00000,
,,,00.042320000000,   0.00000,
,,,00.042360000000,   0.00000,
,,,00.042400000000,   0.00000,
,,,00.042440000000,   0.00000,
,,,00.042480000000,   0.00000,
,,,00.042520000000,   0.00000,
,,,00.042560000000,   0.00000,
,,,00.042600000000,   0.00000,
,,,00.042640000000,   0.00000,
,,,00.042680000000,   0.00000,
,,,00.042720000000,   0.00000,
,,,00.042760000000,   0.00000,
,,,00.042800000000,   0.00000,
,,,00.042840000000,   0.00000,
,,,00.042880000000,   0.00000,
,,,00.042920000000,   0.00000,
,,,00.042960000000,   4.00000,
,,,00.043000000000,   0.00000,
,,,00.043040000000,   0.00000,
,,,00.043080000000,   0.00000,
,,,00.043120000000,   0.00000,
,,,00.043160000000,   4.00000,
,,,00.043200000000,   0.00000,
,,,00.043240000000,   0.00000,
,,,00.043280000000,   0.00000,
,,,00.043320000000,   0.00000,
,,,00.043360000000,   0.00000,
,,,00.043400000000,   0.00000,
,,,00.043440000000,   0.00000,
,,,00.043480000000,   0.00000,
,,,00.043520000000,   0.00000,
,,,00.043560000000,   0.00000,
,,,00.043600000000,   0.00000,
,,,00.043640000000,   0.00000,
,,,00.043680000000,   0.00000,
,,,00.043720000000,   0.00000,
,,,00.043760000000,   0.00000,
,,,00.043800000000,   0.00000,
,,,00.043840000000,   0.00000,
,,,00.043880000000,   0.00000,
,,,00.043920000000,   4.00000,
,,,00.043960000000,   0.00000,
,,,00.044000000000,   0.00000,
,,,00.044040000000,   4.00000,
,,,00.044080000000,   0.00000,
,,,00.044120000000,   0.00000,
,,,00.044160000000,   0.00000,
,,,00.044200000000,   0.00000,
,,,00.044240000000,   0.00000,
,,,00.044280000000,   0.00000,
,,,00.044320000000,   0.00000,
,,,00.044360000000,   0.00000,
,,,00.044400000000,   0.00000,
,,,00.044440000000,   0.00000,
,,,00.044480000000,   0.00000,
,,,00.044520000000,   0.00000,
,,,00.044560000000,   0.00000,
,,,00.044600000000,   0.00000,
,,,00.044640000000,   0.00000,
,,,00.044680000000,   0.00000,
,,,00.044720000000,   0.00000,
,,,00.044760000000,   0.00000,
,,,00.044800000000,   0.00000,
,,,00.044840000000,   0.00000,
,,,00.044880000000,   0.00000,
,,,00.044920000000,   0.00000,
,,,00.044960000000,   0.00000,
,,,00.045000000000,   0.00000,
,,,00.045040000000,   0.00000,
,,,00.045080000000,   0.00000,
,,,00.045120000000,   0.00000,
,,,00.045160000000,   0.00000,
,,,00.045200000000,   0.00000,
,,,00.045240000000,   0.00000,
,,,00.045280000000,   0.00000,
,,,00.045320000000,   0.00000,
,,,00.045360000000,   0.00000,
,,,00.045400000000,   0.00000,
,,,00.045440000000,   0.00000,
,,,00.045480000000,   0.00000,
,,,00.045520000000,   0.00000,
,,,00.045560000000,   0.00000,
,,,00.045600000000, 300.00000,
,,,00.045640000000, 296.00000,
,,,00.045680000000, 296.00000,
,,,00.045720000000, 296.00000,
,,,00.045760000000, 292.00000,
,,,00.045800000000, 292.00000,
,,,00.045840000000, 292.00000,
,,,00.045880000000, 288.00000,
,,,00.045920000000, 288.00000,
,,,00.045960000000, 284.00000,
,,,00.046000000000, 284.00000,
,,,00.046040000000, 280.00000,
,,,00.046080000000, 280.00000,
,,,00.046120000000, 280.00000,
,,,00.046160000000, 276.00000,
,,,00.046200000000, 276.00000,
,,,00.046240000000, 268.00000,
,,,00.046280000000, 264.00000,
,,,00.046320000000, 264.00000,
,,,00.046360000000, 256.00000,
,,,00.046400000000, 256.00000,
,,,00.046440000000, 256.00000,
,,,00.046480000000, 248.00000,
,,,00.046520000000, 248.00000,
,,,00.046560000000, 248.00000,
,,,00.046600000000, 240.00000,
,,,00.046640000000, 240.00000,
,,,00.046680000000, 240.00000,
,,,00.046720000000, 236.00000,
,,,00.046760000000, 232.00000,
,,,00.046800000000, 232.00000,
,,,00.046840000000, 228.00000,
,,,00.046880000000, 228.00000,
,,,00.046920000000, 224.00000,
,,,00.046960000000, 224.00000,
,,,00.047000000000, 220.00000,
,,,00.047040000000, 216.00000,
,,,00.047080000000, 220.00000,
,,,00.047120000000, 212.00000,
,,,00.047160000000, 208.00000,
,,,00.047200000000, 208.00000,
,,,00.047240000000, 208.00000,
,,,00.047280000000, 200.00000,
,,,00.047320000000, 200.00000,
,,,00.047360000000, 196.00000,
,,,00.047400000000, 192.00000,
,,,00.047440000000, 192.00000,
,,,00.047480000000, 188.00000,
,,,00.047520000000, 184.00000,
,,,00.047560000000, 180.00000,
,,,00.047600000000, 180.00000,
,,,00.047640000000, 172.00000,
,,,00.047680000000, 172.00000,
,,,00.047720000000, 168.00000,
,,,00.047760000000, 164.00000,
,,,00.047800000000, 164.00000,
,,,00.047840000000, 156.00000,
,,,00.047880000000, 156.00000,
,,,00.047920000000, 148.00000,
,,,00.047960000000, 144.00000,
,,,00.048000000000, 140.00000,
,,,00.048040000000, 136.00000,
,,,00.048080000000, 136.00000,
,,,00.048120000000, 132.00000,
,,,00.048160000000, 124.00000,
,,,00.048200000000, 124.00000,
,,,00.048240000000, 120.00000,
,,,00.048280000000, 112.00000,
,,,00.048320000000, 112.00000,
,,,00.048360000000, 108.00000,
,,,00.048400000000, 100.00000,
,,,00.048440000000, 100.00000,
,,,00.048480000000,  96.00000,
,,,00.048520000000,  88.00000,
,,,00.048560000000,  88.00000,
,,,00.048600000000,  88.00000,
,,,00.048640000000,  80.00000,
,,,00.048680000000,  76.00000,
,,,00.048720000000,  76.00000,
,,,00.048760000000,  68.00000,
,,,00.048800000000,  64.00000,
,,,00.048840000000,  60.00000,
,,,00.048880000000,  56.00000,
,,,00.048920000000,  52.00000,
,,,00.048960000000,  52.00000,
,,,00.049000000000,  44.00000,
,,,00.049040000000,  44.00000,
,,,00.049080000000,  40.00000,
,,,00.049120000000,  36.00000,
,,,00.049160000000,  28.00000,
,,,00.049200000000,  32.00000,
,,,00.049240000000,  24.00000,
,,,00.049280000000,  20.00000,
,,,00.049320000000,  20.00000,
,,,00.049360000000,  16.00000,
,,,00.049400000000,  12.00000,
,,,00.049440000000,   8.00000,
,,,00.049480000000,   4.00000,
,,,00.049520000000,   0.00000,
,,,00.049560000000,   0.00000,
,,,00.049600000000,   0.00000,
,,,00.049640000000,   0.00000,
,,,00.049680000000,   0.00000,
,,,00.049720000000,   0.00000,
,,,00.049760000000,   0.00000,
,,,00.049800000000,   0.00000,
,,,00.049840000000,   0.00000,
,,,00.049880000000,   0.00000,
,,,00.049920000000,   0.00000,
,,,00.049960000000,   0.00000,
